1E-4	0.00317
2E-4	0.00314
3E-4	0.00319
4E-4	0.00397
5E-4	0.02287
6E-4	0.0255
7E-4	0.02935
8E-4	0.04684
9E-4	0.06094
0.001	0.06852
0.0011	0.08226
0.0012	0.10032
0.0013	0.11233
0.0014	0.12705
0.0015	0.16052
0.0016	0.25002
0.0017	0.30198
0.0018	0.33802
0.0019	0.36529
0.002	0.37991
0.0021	0.40686
0.0022	0.4304
0.0023	0.46802
0.0024	0.46351
0.0025	0.48538
0.0026	0.49811
0.0027	0.52688
0.0028	0.53182
0.0029	0.52427
0.003	0.51092
0.0031	0.51992
0.0032	0.51148
0.0033	0.49951
0.0034	0.49645
0.0035	0.51052
0.0036	0.5148
0.0037	0.5284
0.0038	0.51628
0.0039	0.5056
0.004	0.47593
0.0041	0.45818
0.0042	0.44541
0.0043	0.44096
0.0044	0.45671
0.0045	0.4884
0.0046	0.48722
0.0047	0.47125
0.0048	0.4587
0.0049	0.4418
0.005	0.43254
0.0051	0.41114
0.0052	0.41431
0.0053	0.42047
0.0054	0.44516
0.0055	0.44129
0.0056	0.44921
0.0057	0.44335
0.0058	0.45242
0.0059	0.47996
0.006	0.46987
0.0061	0.47936
0.0062	0.47272
0.0063	0.46708
0.0064	0.45658
0.0065	0.45838
0.0066	0.46553
0.0067	0.47705
0.0068	0.44331
0.0069	0.43979
0.007	0.4264
0.0071	0.45832
0.0072	0.40608
0.0073	0.39078
0.0074	0.38878
0.0075	0.41401
0.0076	0.33218
0.0077	0.37504
0.0078	0.42258
0.0079	0.41622
0.008	0.44306
0.0081	0.45302
0.0082	0.41977
0.0083	0.42345
0.0084	0.43181
0.0085	0.41735
0.0086	0.39491
0.0087	0.41352
0.0088	0.40426
0.0089	0.42893
0.009	0.44283
0.0091	0.44331
0.0092	0.43881
0.0093	0.42888
0.0094	0.38473
0.0095	0.36304
0.0096	0.36437
0.0097	0.37365
0.0098	0.37781
0.0099	0.35055
0.01	0.33907
0.0101	0.39681
0.0102	0.41099
0.0103	0.36306
0.0104	0.37157
0.0105	0.40963
0.0106	0.42358
0.0107	0.45734
0.0108	0.43658
0.0109	0.40488
0.011	0.3972
0.0111	0.37917
0.0112	0.36723
0.0113	0.36452
0.0114	0.30208
0.0115	0.34482
0.0116	0.38504
0.0117	0.48514
0.0118	0.37751
0.0119	0.53996
0.012	0.47187
0.0121	0.52291
0.0122	0.54059
0.0123	0.49061
0.0124	0.49647
0.0125	0.5126
0.0126	0.40167
0.0127	0.50738
0.0128	0.80648
0.0129	0.57423
0.013	0.45369
0.0131	0.47957
0.0132	0.46889
0.0133	0.3801
0.0134	0.38108
0.0135	0.38078
0.0136	0.4275
0.0137	0.37722
0.0138	0.39451
0.0139	0.30573
0.014	0.3107
0.0141	0.35003
0.0142	0.27698
0.0143	0.32186
0.0144	0.2815
0.0145	0.27197
0.0146	0.20746
0.0147	0.17188
0.0148	0.18508
0.0149	0.14036
0.015	0.08535
0.0151	0.10066
0.0152	0.11638
0.0153	0.07826
0.0154	0.06721
0.0155	0.08211
0.0156	0.0848
0.0157	0.08117
0.0158	0.08244
0.0159	0.06474
0.016	0.05889
0.0161	0.05915
0.0162	0.05149
0.0163	0.05187
0.0164	0.05909
0.0165	0.07182
0.0166	0.07487
0.0167	0.07252
0.0168	0.07493
0.0169	0.06843
0.017	0.05632
0.0171	0.06363
0.0172	0.06288
0.0173	0.04826
0.0174	0.04913
0.0175	0.05145
0.0176	0.05018
0.0177	0.04725
0.0178	0.04679
0.0179	0.04111
0.018	0.03817
0.0181	0.03593
0.0182	0.03432
0.0183	0.03476
0.0184	0.03464
0.0185	0.0329
0.0186	0.02976
0.0187	0.02958
0.0188	0.02741
0.0189	0.02548
0.019	0.02382
0.0191	0.02294
0.0192	0.02296
0.0193	0.0237
0.0194	0.02505
0.0195	0.02727
0.0196	0.02834
0.0197	0.0269
0.0198	0.02657
0.0199	0.02501
0.02	0.02389
0.0201	0.02314
0.0202	0.02137
0.0203	0.01761
0.0204	0.01463
0.0205	0.01307
0.0206	0.01202
0.0207	0.01107
0.0208	0.01035
0.0209	0.00988
0.021	0.00952
0.0211	0.00919
0.0212	0.0086
0.0213	0.00831
0.0214	0.00803
0.0215	0.00776
0.0216	0.00726
0.0217	0.00707
0.0218	0.0069
0.0219	0.00674
0.022	0.00659
0.0221	0.00644
0.0222	0.0063
0.0223	0.00616
0.0224	0.00602
0.0225	0.00589
0.0226	0.00577
0.0227	0.00565
0.0228	0.00553
0.0229	0.00527
0.023	0.00517
0.0231	0.00508
0.0232	0.005
0.0233	0.00491
0.0234	0.00483
0.0235	0.00475
0.0236	0.00468
0.0237	0.0046
0.0238	0.00453
0.0239	0.00446
0.024	0.0044
0.0241	0.00433
0.0242	0.00427
0.0243	0.00421
0.0244	0.00415
0.0245	0.00409
0.0246	0.00403
0.0247	0.00397
0.0248	0.00392
0.0249	0.00386
0.025	0.00381
0.0251	0.00376
0.0252	0.00372
0.0253	0.00359
0.0254	0.00344
0.0255	0.00341
0.0256	0.00337
0.0257	0.00333
0.0258	0.0033
0.0259	0.00326
0.026	0.00323
0.0261	0.00319
0.0262	0.00315
0.0263	0.00312
0.0264	0.00308
0.0265	0.00305
0.0266	0.00301
0.0267	0.00298
0.0268	0.00294
0.0269	0.00291
0.027	0.00288
0.0271	0.00284
0.0272	0.00281
0.0273	0.00277
0.0274	0.00274
0.0275	0.00257
0.0276	0.00249
0.0277	0.00247
0.0278	0.00244
0.0279	0.00242
0.028	0.0024
0.0281	0.00238
0.0282	0.00235
0.0283	0.00233
0.0284	0.00231
0.0285	0.00229
0.0286	0.00227
0.0287	0.00225
0.0288	0.00223
0.0289	0.00221
0.029	0.00218
0.0291	0.00216
0.0292	0.00214
0.0293	0.00212
0.0294	0.0021
0.0295	0.00208
0.0296	0.00206
0.0297	0.00204
0.0298	0.00203
0.0299	0.00201
0.03	0.00199
0.0301	0.00197
0.0302	0.00195
0.0303	0.00193
0.0304	0.00192
0.0305	0.0019
0.0306	0.00188
0.0307	0.00184
0.0308	0.00171
0.0309	0.00163
0.031	0.00162
0.0311	0.00161
0.0312	0.00161
0.0313	0.0016
0.0314	0.00159
0.0315	0.00158
0.0316	0.00158
0.0317	0.00157
0.0318	0.00156
0.0319	0.00155
0.032	0.00154
0.0321	0.00153
0.0322	0.00155
0.0323	0.00162
0.0324	0.00189
0.0325	0.00197
0.0326	0.00197
0.0327	0.00194
0.0328	0.00192
0.0329	0.00189
0.033	0.00186
0.0331	0.00183
0.0332	0.0018
0.0333	0.00177
0.0334	0.00175
0.0335	0.00172
0.0336	0.00169
0.0337	0.00166
0.0338	0.00164
0.0339	0.00161
0.034	0.00158
0.0341	0.00156
0.0342	0.00153
0.0343	0.0015
0.0344	0.00148
0.0345	0.00145
0.0346	0.00143
0.0347	0.0014
0.0348	0.00138
0.0349	0.00135
0.035	0.00133
0.0351	0.0013
0.0352	0.00128