276.346	0.05891
276.115	0.05883
275.866	0.05879
275.62	0.05874
275.389	0.0587
275.143	0.05865
274.913	0.05858
274.67	0.05854
274.442	0.0585
274.199	0.05846
273.974	0.0584
273.733	0.05835
273.508	0.0583
273.268	0.05827
273.045	0.0582
272.808	0.05817
272.571	0.05812
272.351	0.05807
272.115	0.05804
271.897	0.05799
271.663	0.05795
271.447	0.0579
271.215	0.05785
270.999	0.05781
270.769	0.05777
270.555	0.05772
270.325	0.05767
270.097	0.05763
269.883	0.05758
269.656	0.05754
269.445	0.05751
269.218	0.05747
269.007	0.05741
268.781	0.05739
268.572	0.05735
268.348	0.0573
268.14	0.05726
267.918	0.0572
267.712	0.05715
267.492	0.05712
267.272	0.05709
267.068	0.05702
266.849	0.057
266.646	0.05698
266.43	0.05689
266.228	0.05686
266.014	0.05682
265.815	0.05679
265.601	0.05676
265.401	0.05673
265.19	0.05666
264.993	0.05663
264.783	0.05659
264.574	0.05654
264.379	0.05651
264.17	0.05645
263.977	0.05643
263.772	0.05641
263.58	0.05635
263.376	0.05632
263.186	0.05628
262.983	0.05622
262.794	0.05621
262.593	0.05615
262.393	0.05614
262.206	0.05608
262.007	0.05604
261.822	0.05602
261.624	0.05597
261.441	0.05593
261.246	0.05592
261.064	0.05587
260.869	0.05585
260.688	0.05581
260.495	0.05576
260.316	0.05575
260.124	0.0557
259.933	0.05567
259.756	0.05564
259.566	0.05559
259.39	0.05557
259.202	0.05553
259.027	0.0555
258.841	0.05547
258.668	0.05543
258.483	0.05541
258.311	0.05536
258.127	0.05532
257.944	0.05529
257.775	0.05526
257.593	0.05523
257.425	0.05521
257.244	0.05515
257.077	0.05512
256.898	0.0551
256.731	0.05507
256.554	0.05504
256.39	0.05498
256.213	0.05497
256.038	0.05495
255.875	0.05491
255.702	0.05488
255.54	0.05484
255.368	0.05482
255.207	0.05479
255.035	0.05473
254.876	0.05472
254.706	0.0547
254.548	0.05466
254.379	0.05465
254.222	0.05461
254.054	0.05458
253.887	0.05455
253.732	0.05451
253.567	0.05449
253.413	0.05446
253.249	0.05442
253.096	0.05441
252.933	0.05435
252.781	0.05434
252.619	0.0543
252.469	0.05427
252.309	0.05425
252.148	0.0542
251.999	0.05419
251.84	0.05415
251.692	0.05412
251.534	0.05411
251.387	0.05407
251.23	0.05405
251.084	0.05401
250.93	0.05397
250.786	0.05396
250.632	0.05391
250.489	0.05389
250.335	0.05388
250.183	0.05383
250.041	0.05384
249.889	0.05379
249.749	0.05376
249.598	0.05374
249.459	0.0537
249.31	0.05367
249.172	0.05364
249.025	0.05362
248.887	0.0536
248.74	0.05359
248.594	0.05356
248.458	0.05352
248.313	0.05348
248.177	0.05346
248.033	0.05343
247.899	0.0534
247.756	0.05338
247.623	0.05335
247.481	0.05334
247.35	0.05332
247.21	0.05329
247.079	0.05326
246.939	0.05325
246.799	0.05321
246.67	0.05319
246.533	0.05314
246.404	0.05314
246.266	0.05312
246.139	0.05311
246.003	0.05308
245.876	0.05304
245.74	0.053
245.607	0.05299
245.481	0.05295
245.347	0.05293
245.223	0.05292
245.091	0.05291
244.967	0.05287
244.836	0.05285
244.714	0.05281
244.584	0.0528
244.462	0.05278
244.332	0.05276
244.212	0.05272
244.085	0.05272
243.957	0.05268
243.837	0.05269
243.71	0.05265
243.593	0.05262
243.466	0.05261
243.357	0.05257
243.23	0.05255
243.105	0.05253
242.987	0.05251
242.862	0.05251
242.746	0.05248
242.623	0.05248
242.508	0.05244
242.387	0.05239
242.273	0.0524
242.152	0.05235
242.039	0.05233
241.919	0.05233
241.799	0.0523
241.688	0.0523
241.569	0.05225
241.458	0.05222
241.34	0.05222
241.231	0.0522
241.113	0.05218
241.004	0.05216
240.888	0.05213
240.779	0.05212
240.664	0.05212
240.55	0.05206
240.442	0.05202
240.328	0.05202
240.221	0.052
240.108	0.052
240.003	0.05196
239.891	0.05195
239.786	0.05193
239.674	0.05188
239.569	0.0519
239.458	0.05184
239.355	0.05184
239.244	0.05182
239.134	0.0518
239.032	0.05178
238.922	0.05175
238.821	0.05173
238.713	0.05171
238.613	0.05169
238.505	0.05168
238.405	0.05166
238.298	0.05165
238.192	0.05163
238.093	0.05161
237.987	0.05158
237.888	0.05157
237.783	0.05155
237.685	0.05154
237.581	0.05152
237.484	0.05149
237.381	0.05148
237.278	0.05146
237.182	0.05146
237.08	0.05142
236.984	0.05139
236.883	0.05138
236.788	0.05138
236.687	0.05136
236.593	0.05134
236.492	0.05132
236.399	0.05131
236.299	0.05129
236.206	0.05124
236.108	0.05122
236.009	0.05124
235.917	0.05121
235.819	0.0512
235.728	0.05117
235.631	0.05115
235.54	0.05113
235.444	0.05113
235.354	0.05109
235.258	0.05108
235.168	0.05106
235.073	0.05104
234.978	0.05104
234.889	0.05103
234.795	0.051
234.708	0.051
234.614	0.05096
234.526	0.05094
234.433	0.05092
234.347	0.05092
234.254	0.0509
234.168	0.05084
234.076	0.05087
233.985	0.05085
233.899	0.05083
233.808	0.05083
233.723	0.0508
233.633	0.05079
233.549	0.05077
233.46	0.05076
233.377	0.05073
233.288	0.05073
233.205	0.05069
233.116	0.05068
233.027	0.05067
232.945	0.05064
232.857	0.05063
232.775	0.05061
232.687	0.05061
232.606	0.0506
232.519	0.05059
232.438	0.05055
232.353	0.05054
232.273	0.05053
232.187	0.05051
232.102	0.05049
232.023	0.05048
231.937	0.05047
231.859	0.05045
231.774	0.05044
231.696	0.05042
231.612	0.05039
231.534	0.0504
231.45	0.05036
231.367	0.05036
231.29	0.05033
231.207	0.05031
231.13	0.05032
231.049	0.05028
230.972	0.05029
230.891	0.05027
230.815	0.05025
230.735	0.05025
230.659	0.05021
230.579	0.05021
230.499	0.05019
230.424	0.05016
230.344	0.05017
230.27	0.05014
230.19	0.05014
230.117	0.05012
230.038	0.05009
229.965	0.05009
229.886	0.05007
229.813	0.05004
229.735	0.05006
229.657	0.05005
229.585	0.05001
229.508	0.05
229.437	0.04997
229.36	0.04996
229.289	0.04997
229.212	0.04995
229.142	0.04996
229.066	0.04995
228.995	0.0499
228.92	0.04989
228.845	0.0499
228.775	0.04989
228.699	0.04985
228.63	0.04983
228.557	0.04983
228.488	0.04981
228.414	0.0498
228.345	0.04979
228.272	0.04977
228.204	0.04976
228.132	0.04974
228.059	0.04973
227.991	0.04973
227.918	0.04971
227.85	0.04972
227.779	0.04971
227.713	0.04968
227.641	0.04966
227.575	0.04964
227.504	0.04964
227.437	0.04961
227.367	0.04961
227.296	0.04958
227.231	0.0496
227.161	0.04958
227.096	0.04956
227.026	0.04956
226.962	0.04953
226.893	0.04952
226.829	0.04952
226.76	0.0495
226.696	0.04949
226.628	0.04948
226.56	0.04948
226.496	0.04945
226.428	0.04943
226.364	0.04942
226.296	0.04942
226.233	0.04941
226.166	0.04939
226.104	0.04938
226.037	0.04937
225.975	0.04937
225.909	0.04934
225.842	0.04931
225.78	0.04932
225.715	0.04932
225.654	0.04927
225.588	0.04928
225.527	0.04926
225.462	0.04926
225.401	0.04924
225.336	0.04923
225.276	0.04923
225.211	0.04921
225.147	0.04922
225.087	0.04917
225.024	0.04916
224.964	0.04916
224.9	0.04914
224.84	0.04913
224.777	0.04914
224.719	0.04911
224.655	0.0491
224.597	0.0491
224.534	0.04909
224.471	0.04907
224.413	0.04906
224.352	0.04905
224.294	0.04905
224.233	0.04903
224.175	0.04902
224.114	0.04901
224.056	0.04899
223.995	0.04898
223.938	0.04897
223.877	0.04895
223.816	0.04895
223.76	0.04895
223.7	0.04894
223.643	0.04892
223.582	0.0489
223.526	0.04892
223.466	0.04888
223.41	0.04888
223.35	0.04887
223.294	0.04885
223.236	0.04886
223.177	0.04884
223.123	0.04884
223.064	0.04882
223.01	0.04878
222.951	0.0488
222.896	0.04879
222.838	0.04878
222.783	0.04878
222.726	0.04877
222.672	0.04877
222.614	0.04875
222.556	0.04872
222.503	0.04871
222.446	0.0487
222.393	0.04871
222.336	0.04871
222.282	0.04867
222.226	0.04869
222.173	0.04866
222.117	0.04863
222.064	0.04865
222.008	0.04863
221.952	0.04861
221.9	0.04861
221.844	0.04859
221.792	0.04859
221.737	0.04856
221.685	0.04854
221.63	0.04855
221.578	0.04853
221.524	0.04853
221.472	0.04854
221.417	0.04851
221.363	0.04849
221.312	0.04847
221.258	0.04847
221.208	0.04848
221.154	0.04845
221.102	0.04845
221.048	0.04844
220.998	0.04842
220.944	0.04842
220.894	0.0484
220.841	0.0484
220.788	0.04839
220.738	0.04838
220.685	0.0484
220.636	0.04837
220.583	0.04835
220.534	0.04835
220.48	0.04833
220.431	0.04832
220.378	0.0483
220.33	0.04831
220.278	0.04832
220.226	0.04831
220.177	0.04828
220.125	0.04826
220.077	0.04825
220.025	0.04827
219.977	0.04825
219.925	0.04823
219.877	0.04821
219.826	0.04822
219.779	0.04821
219.728	0.0482
219.677	0.04819
219.63	0.04817
219.579	0.04818
219.531	0.04817
219.481	0.04816
219.434	0.04814
219.384	0.04813
219.337	0.04812
219.287	0.04813
219.24	0.04811
219.19	0.04808
219.14	0.04809
219.094	0.04809
219.045	0.04807
218.999	0.04807
218.949	0.04805
218.903	0.04806
218.854	0.04804
218.809	0.04802
218.76	0.04803
218.714	0.04801
218.665	0.04801
218.617	0.048
218.572	0.04799
218.523	0.048
218.478	0.04798
218.43	0.04796
218.385	0.04796
218.337	0.04795
218.293	0.04795
218.246	0.04793
218.201	0.04793
218.153	0.04793
218.105	0.04792
218.06	0.04789
218.012	0.04789
217.967	0.04786
217.92	0.04787
217.876	0.04785
217.829	0.04785
217.786	0.04786
217.739	0.04785
217.695	0.04783
217.648	0.04783
217.602	0.0478
217.558	0.0478
217.512	0.04779
217.469	0.04778
217.422	0.0478
217.38	0.04776
217.333	0.04776
217.291	0.04774
217.244	0.04773
217.202	0.04773
217.156	0.04772
217.11	0.04772
217.068	0.04771
217.022	0.0477
216.979	0.04769
216.934	0.04766
216.892	0.04767
216.847	0.04768
216.804	0.04765
216.759	0.04765
216.717	0.04762
216.672	0.04764
216.627	0.04763
216.585	0.04761
216.54	0.04762
216.498	0.04761
216.453	0.0476
216.412	0.04755
216.367	0.04757
216.326	0.04755
216.282	0.04757
216.238	0.04757
216.196	0.04753
216.152	0.04753
216.111	0.04753
216.067	0.04751
216.026	0.04751
215.982	0.04749
215.94	0.04749
215.896	0.04746
215.856	0.04748
215.812	0.04747
215.772	0.04745
215.728	0.04745
215.684	0.04746
215.644	0.04744
215.601	0.04744
215.56	0.04742
215.517	0.04741
215.477	0.04741
215.434	0.0474
215.393	0.04739
215.351	0.04738
215.308	0.04736
215.269	0.04737
215.226	0.04738
215.186	0.04736
215.143	0.04735
215.102	0.04733
215.06	0.04733
215.02	0.04732
214.977	0.04733
214.938	0.04731
214.896	0.04728
214.853	0.04729
214.814	0.04727
214.773	0.04726
214.733	0.04726
214.692	0.04728
214.653	0.04728
214.611	0.04724
214.572	0.04724
214.531	0.04723
214.492	0.04721
214.45	0.04722
214.411	0.04722
214.369	0.04718
214.327	0.04719
214.289	0.04718
214.248	0.04717
214.209	0.04717
214.168	0.04713
214.13	0.04715
214.089	0.04714
214.05	0.04713
214.009	0.04712
213.967	0.04711
213.929	0.04711
213.888	0.04709
213.85	0.0471
213.81	0.04709
213.772	0.04708
213.732	0.04708
213.694	0.04709
213.654	0.04705
213.617	0.04705
213.576	0.04706
213.538	0.04704
213.497	0.04705
213.457	0.04703
213.419	0.04701
213.379	0.04703
213.341	0.04701
213.302	0.047
213.264	0.04701
213.225	0.04699
213.187	0.04699
213.148	0.04698
213.108	0.04695
213.07	0.04696
213.03	0.04693
212.993	0.04694
212.954	0.04695
212.917	0.04693
212.877	0.04692
212.841	0.04691
212.802	0.04691
212.764	0.04691
212.725	0.0469
212.688	0.0469
212.648	0.04689
212.609	0.04686
212.573	0.04688
212.534	0.04689
212.497	0.04686
212.458	0.04687
212.423	0.04683
212.383	0.04683
212.346	0.04685
212.308	0.04682
212.269	0.04684
212.233	0.04682
212.194	0.0468
212.158	0.04679
212.12	0.04677
212.084	0.04676
212.045	0.04679
212.01	0.04677
211.971	0.04677
211.935	0.04675
211.897	0.04674
211.858	0.04675
211.823	0.04676
211.784	0.04672
211.749	0.0467
211.71	0.04672
211.675	0.0467
211.637	0.04671
211.601	0.0467
211.563	0.04667
211.527	0.04671
211.489	0.04668
211.451	0.04667
211.416	0.04665
211.378	0.04666
211.343	0.04665
211.306	0.04666
211.27	0.04665
211.233	0.04664
211.198	0.04662
211.16	0.0466
211.125	0.0466
211.087	0.04661
211.049	0.04657
211.014	0.04659
210.977	0.04658
210.942	0.04657
210.904	0.04656
210.869	0.04654
210.832	0.04657
210.797	0.04656
210.76	0.04656
210.726	0.04654
210.689	0.04651
210.654	0.04654
210.617	0.04652
210.58	0.04652
210.546	0.04653
210.509	0.04652
210.474	0.0465
210.438	0.0465
210.404	0.0465
210.367	0.04651
210.333	0.04649
210.296	0.04644
210.26	0.04647
210.225	0.04645
210.188	0.04644
210.153	0.04644
210.117	0.04644
210.083	0.04643
210.046	0.04643
210.012	0.04642
209.976	0.0464
209.943	0.04641
209.907	0.04641
209.871	0.04642
209.837	0.04639
209.8	0.04638
209.766	0.04636
209.73	0.04636
209.696	0.04638
209.659	0.04635
209.626	0.04636
209.589	0.04635
209.556	0.04634
209.52	0.04632
209.487	0.04631
209.451	0.0463
209.415	0.04633
209.381	0.04631
209.345	0.04628
209.311	0.0463
209.275	0.04626
209.242	0.04627
209.206	0.04629
209.172	0.04626
209.137	0.04627
209.101	0.04626
209.068	0.04622
209.032	0.04624
208.999	0.04622
208.964	0.04623
208.931	0.04623
208.894	0.04621
208.861	0.04621
208.826	0.04618
208.792	0.0462
208.756	0.04618
208.721	0.04618
208.688	0.04619
208.653	0.0462
208.62	0.04616
208.585	0.04616
208.552	0.04614
208.516	0.04614
208.483	0.04614
208.447	0.04614
208.414	0.04613
208.379	0.04611
208.346	0.04611
208.311	0.04611
208.275	0.04608
208.242	0.0461
208.207	0.04609
208.174	0.04607
208.14	0.04607
208.107	0.04607
208.072	0.04606
208.039	0.04607
208.004	0.04604
207.969	0.04605
207.937	0.04602
207.901	0.04602
207.869	0.04603
207.834	0.04601
207.802	0.04602
207.768	0.046
207.735	0.046
207.7	0.046
207.668	0.04599
207.633	0.04598
207.6	0.04596
207.565	0.04596
207.532	0.04597
207.498	0.04593
207.463	0.04594
207.43	0.04593
207.396	0.04593
207.364	0.04594
207.329	0.04591
207.297	0.04591
207.262	0.04593
207.23	0.04589
207.196	0.04589
207.164	0.04586
207.13	0.04588
207.095	0.04589
207.064	0.04586
207.029	0.04586
206.997	0.04588
206.963	0.04584
206.931	0.04584
206.896	0.04585
206.864	0.04585
206.83	0.04585
206.797	0.04583
206.763	0.04579
206.728	0.04582
206.696	0.0458
206.662	0.04581
206.631	0.0458
206.596	0.04578
206.564	0.0458
206.53	0.04576
206.498	0.04579
206.464	0.04579
206.433	0.04576
206.399	0.04577
206.364	0.04578
206.333	0.04574
206.299	0.04575
206.268	0.04572
206.234	0.04572
206.203	0.04571
206.169	0.0457
206.136	0.04574
206.102	0.04572
206.071	0.04568
206.037	0.04568
206.004	0.04567
205.973	0.04567
205.939	0.04569
205.907	0.04567
205.873	0.04565
205.842	0.04565
205.809	0.04565
205.777	0.04564
205.744	0.04561
205.712	0.04563
205.678	0.04562
205.645	0.04563
205.614	0.04562
205.58	0.0456
205.549	0.0456
205.515	0.0456
205.484	0.04558
205.45	0.0456
205.418	0.04557
205.385	0.04558
205.352	0.04558
205.32	0.04555
205.286	0.04555
205.255	0.04554
205.221	0.04554
205.189	0.04554
205.156	0.04555
205.126	0.04554
205.093	0.04552
205.062	0.04552
205.029	0.04551
204.995	0.04551
204.963	0.0455
204.93	0.04549
204.899	0.04549
204.866	0.04547
204.835	0.04547
204.801	0.04548
204.77	0.04547
204.736	0.04547
204.704	0.04547
204.671	0.04544
204.638	0.04544
204.606	0.04545
204.573	0.04544
204.542	0.04542
204.508	0.04543
204.477	0.04542
204.444	0.0454
204.413	0.04539
204.379	0.0454
204.349	0.0454
204.315	0.04542
204.281	0.04541
204.251	0.04539
204.218	0.04537
204.186	0.04538
204.153	0.04536
204.122	0.04537
204.088	0.04537
204.058	0.04536
204.025	0.04536
203.994	0.04536
203.96	0.04532
203.93	0.04533
203.897	0.04532
203.864	0.04533
203.833	0.0453
203.799	0.0453
203.769	0.04531
203.736	0.04529
203.706	0.04528
203.673	0.04527
203.642	0.04527
203.609	0.04527
203.577	0.04528
203.546	0.04526
203.513	0.04527
203.482	0.04526
203.449	0.04524
203.418	0.04526
203.386	0.04523
203.355	0.04523
203.322	0.04523
203.291	0.04518
203.259	0.04522
203.226	0.04518
203.195	0.04521
203.162	0.04522
203.132	0.04519
203.099	0.04519
203.069	0.04516
203.037	0.04516
203.007	0.04517
202.974	0.04513
202.942	0.04516
202.91	0.04515
202.877	0.04514
202.847	0.04514
202.814	0.04514
202.784	0.04511
202.751	0.04512
202.721	0.04511
202.688	0.04511
202.657	0.0451
202.625	0.04507
202.594	0.04508
202.562	0.04511
202.532	0.04508
202.499	0.04509
202.466	0.04505
202.436	0.04507
202.403	0.04504
202.373	0.04503
202.34	0.04505
202.31	0.04507
202.278	0.04505
202.247	0.04504
202.215	0.04501
202.182	0.04502
202.151	0.04502
202.119	0.04501
202.088	0.04503
202.056	0.04501
202.025	0.045
201.993	0.04499
201.962	0.04499
201.929	0.04496
201.899	0.04497
201.867	0.04499
201.837	0.04497
201.804	0.04496
201.772	0.04496
201.742	0.04496
201.709	0.04494
201.678	0.04493
201.646	0.04494
201.615	0.04494
201.583	0.04493
201.553	0.04493
201.521	0.04492
201.489	0.04493
201.458	0.04491
201.425	0.04489
201.394	0.0449
201.362	0.04488
201.332	0.0449
201.299	0.04487
201.269	0.04487
201.237	0.04487
201.206	0.04488
201.174	0.04487
201.144	0.04485
201.112	0.04483
201.08	0.04484
201.049	0.04484
201.017	0.04483
200.987	0.04481
200.954	0.04485
200.922	0.04482
200.892	0.04481
200.862	0.04481
200.83	0.04482
200.8	0.0448
200.767	0.0448
200.735	0.04478
200.705	0.04476
200.672	0.04478
200.642	0.04477
200.609	0.04477
200.579	0.04476
200.546	0.04477
200.516	0.04475
200.483	0.04473
200.453	0.04473
200.421	0.04474
200.389	0.04473
200.359	0.04475
200.326	0.04473
200.296	0.04472
200.264	0.0447
200.234	0.04469
200.202	0.04471
200.172	0.0447
200.141	0.04471
200.11	0.0447
200.078	0.04467
200.046	0.04468
200.016	0.04468
199.984	0.04469
199.954	0.04467
199.922	0.04466
199.892	0.04464
199.86	0.04466
199.83	0.04464
199.797	0.04465
199.765	0.04465
199.735	0.04464
199.703	0.04464
199.672	0.04463
199.641	0.04462
199.61	0.0446
199.578	0.0446
199.548	0.0446
199.516	0.0446
199.486	0.04459
199.454	0.04458
199.423	0.04457
199.39	0.04457
199.359	0.04458
199.327	0.04455
199.293	0.04457
199.264	0.04456
199.231	0.04455
199.201	0.04454
199.168	0.04452
199.137	0.0445
199.105	0.04452
199.075	0.04452
199.043	0.04452
199.014	0.04451
198.981	0.04448
198.949	0.04449
198.919	0.04451
198.887	0.04449
198.857	0.04447
198.824	0.04446
198.794	0.04447
198.762	0.04447
198.732	0.04444
198.701	0.04445
198.67	0.04442
198.638	0.04445
198.606	0.04443
198.575	0.04443
198.543	0.04444
198.513	0.04441
198.481	0.04442
198.451	0.04441
198.419	0.04442
198.389	0.04441
198.357	0.04441
198.327	0.04439
198.295	0.04438
198.262	0.04439
198.232	0.04437
198.2	0.04438
198.17	0.04438
198.138	0.04436
198.108	0.04435
198.076	0.04437
198.043	0.04434
198.013	0.04433
197.982	0.04434
197.951	0.04432
197.919	0.04433
197.889	0.04434
197.857	0.04431
197.826	0.04432
197.795	0.04429
197.764	0.0443
197.732	0.0443
197.702	0.0443
197.669	0.04432
197.639	0.04429
197.606	0.04427
197.576	0.04427
197.543	0.04424
197.511	0.04425
197.48	0.04428
197.448	0.04425
197.418	0.04424
197.386	0.04426
197.356	0.04423
197.324	0.04422
197.294	0.0442
197.261	0.04423
197.231	0.04423
197.198	0.0442
197.166	0.04422
197.136	0.0442
197.103	0.04421
197.073	0.04421
197.04	0.04419
197.01	0.0442
196.977	0.04419
196.947	0.04419
196.915	0.04419
196.882	0.04416
196.852	0.04415
196.82	0.04417
196.79	0.04413
196.757	0.04415
196.727	0.04415
196.695	0.04412
196.664	0.04414
196.632	0.04411
196.602	0.04413
196.57	0.04412
196.539	0.04412
196.507	0.04411
196.475	0.0441
196.446	0.04408
196.413	0.04409
196.384	0.04409
196.351	0.04408
196.321	0.04409
196.289	0.04407
196.259	0.04408
196.227	0.04408
196.194	0.04404
196.164	0.04406
196.132	0.04404
196.101	0.04406
196.069	0.04405
196.039	0.04403
196.007	0.04403
195.977	0.04402
195.945	0.04402
195.916	0.04403
195.884	0.044
195.851	0.04402
195.821	0.04401
195.789	0.04399
195.759	0.04398
195.727	0.04398
195.696	0.04398
195.664	0.04398
195.633	0.04396
195.601	0.04395
195.571	0.04396
195.539	0.04396
195.508	0.04396
195.476	0.04395
195.443	0.04394
195.412	0.04394
195.38	0.04394
195.35	0.04392
195.317	0.04391
195.287	0.04391
195.255	0.04392
195.225	0.04393
195.193	0.04391
195.161	0.04391
195.131	0.04389
195.099	0.04389
195.068	0.04389
195.036	0.04389
195.005	0.04387
194.973	0.04386
194.943	0.04387
194.911	0.04384
194.881	0.04384
194.848	0.04384
194.817	0.04384
194.785	0.04383
194.753	0.04383
194.722	0.04383
194.691	0.04382
194.661	0.04381
194.629	0.0438
194.599	0.04378
194.567	0.04379
194.537	0.04379
194.505	0.04377
194.475	0.04378
194.443	0.04379
194.41	0.04377
194.379	0.04374
194.348	0.04375
194.318	0.04375
194.286	0.04376
194.256	0.04375
194.224	0.04376
194.193	0.04374
194.16	0.04373
194.13	0.04373
194.098	0.04371
194.066	0.04371
194.037	0.04372
194.004	0.04368
193.974	0.04371
193.942	0.04369
193.912	0.04368
193.88	0.04369
193.849	0.04367
193.817	0.04367
193.787	0.04367
193.755	0.04367
193.722	0.04368
193.692	0.04366
193.66	0.04364
193.63	0.04364
193.597	0.04362
193.567	0.04363
193.534	0.04363
193.504	0.04362
193.471	0.04364
193.441	0.04362
193.409	0.04361
193.377	0.0436
193.346	0.0436
193.314	0.04358
193.284	0.04358
193.252	0.04359
193.222	0.04359
193.19	0.04357
193.16	0.04357
193.127	0.04354
193.097	0.04354
193.065	0.04354
193.033	0.04356
193.003	0.04354
192.971	0.04356
192.942	0.04352
192.91	0.04353
192.88	0.04353
192.847	0.04349
192.817	0.04351
192.785	0.0435
192.754	0.0435
192.722	0.04351
192.691	0.04348
192.659	0.0435
192.626	0.04348
192.597	0.04348
192.565	0.04349
192.535	0.04346
192.503	0.04347
192.472	0.04346
192.44	0.04345
192.41	0.04346
192.377	0.04345
192.348	0.04342
192.315	0.04344
192.282	0.04343
192.253	0.04343
192.22	0.0434
192.19	0.04341
192.158	0.04342
192.128	0.04339
192.095	0.04341
192.065	0.0434
192.033	0.04338
192.003	0.04339
191.971	0.04336
191.938	0.04337
191.908	0.04337
191.876	0.04335
191.847	0.04336
191.815	0.04335
191.785	0.04334
191.752	0.04334
191.722	0.04333
191.69	0.04334
191.66	0.04334
191.628	0.04331
191.598	0.04332
191.566	0.04332
191.533	0.04331
191.503	0.04331
191.471	0.04329
191.441	0.04328
191.408	0.04329
191.378	0.04328
191.346	0.04326
191.316	0.04329
191.284	0.04328
191.254	0.04327
191.222	0.04326
191.189	0.04326
191.159	0.04324
191.127	0.04325
191.096	0.04324
191.064	0.04323
191.034	0.04322
191.002	0.04321
190.972	0.04322
190.94	0.04322
190.911	0.04322
190.878	0.0432
190.848	0.0432
190.816	0.04322
190.783	0.04319
190.753	0.04317
190.721	0.04318
190.691	0.04318
190.659	0.04315
190.628	0.04316
190.595	0.04315
190.565	0.04316
190.532	0.04313
190.502	0.04316
190.469	0.04315
190.437	0.04313
190.406	0.04312
190.374	0.04312
190.343	0.04311
190.311	0.04312
190.281	0.0431
190.248	0.04312
190.218	0.0431
190.186	0.04309
190.156	0.0431
190.123	0.04308
190.091	0.04309
190.061	0.04309
190.028	0.0431
189.998	0.04308
189.966	0.04308
189.936	0.04305
189.904	0.04304
189.874	0.04303
189.841	0.04304
189.811	0.04305
189.779	0.04303
189.749	0.04303
189.717	0.04303
189.684	0.04302
189.653	0.04301
189.621	0.04303
189.59	0.04299
189.559	0.043
189.529	0.04296
189.496	0.04299
189.466	0.04298
189.434	0.04298
189.403	0.043
189.371	0.04296
189.341	0.04296
189.309	0.04295
189.276	0.04297
189.246	0.04296
189.214	0.04295
189.184	0.04294
189.151	0.04296
189.121	0.04296
189.088	0.04294
189.058	0.04292
189.025	0.04292
188.995	0.04293
188.963	0.04291
188.93	0.04291
188.9	0.04293
188.868	0.04291
188.839	0.04288
188.806	0.0429
188.775	0.04286
188.742	0.04288
188.712	0.04288
188.68	0.04286
188.649	0.04286
188.616	0.04284
188.586	0.04287
188.554	0.04287
188.524	0.04286
188.491	0.04286
188.459	0.04284
188.428	0.04282
188.396	0.04283
188.366	0.04282
188.334	0.04281
188.304	0.04283
188.272	0.04283
188.241	0.04282
188.209	0.04281
188.18	0.04279
188.147	0.04279
188.117	0.04278
188.084	0.04278
188.052	0.0428
188.022	0.04276
187.989	0.04277
187.958	0.04276
187.925	0.04275
187.894	0.04276
187.863	0.04273
187.832	0.04274
187.799	0.04275
187.767	0.04273
187.735	0.04272
187.703	0.04269
187.673	0.04271
187.64	0.04271
187.609	0.0427
187.577	0.04271
187.547	0.04269
187.515	0.0427
187.485	0.04269
187.453	0.04267
187.423	0.04267
187.391	0.04267
187.361	0.04265
187.328	0.04268
187.296	0.04267
187.266	0.04266
187.234	0.04262
187.204	0.04262
187.172	0.04262
187.142	0.04262
187.111	0.0426
187.081	0.04262
187.048	0.04263
187.018	0.0426
186.986	0.0426
186.956	0.04258
186.924	0.04258
186.891	0.0426
186.861	0.04259
186.829	0.04259
186.799	0.04257
186.767	0.04258
186.737	0.04257
186.705	0.04255
186.675	0.04256
186.643	0.04254
186.613	0.04254
186.58	0.04253
186.548	0.04254
186.518	0.04252
186.487	0.04254
186.456	0.04253
186.424	0.0425
186.395	0.04251
186.363	0.04253
186.332	0.04252
186.3	0.04251
186.27	0.0425
186.238	0.04248
186.208	0.04251
186.175	0.04248
186.142	0.04248
186.112	0.04247
186.079	0.04247
186.049	0.04248
186.017	0.04245
185.986	0.04246
185.954	0.04246
185.924	0.04245
185.891	0.04243
185.861	0.04244
185.828	0.04242
185.799	0.04244
185.767	0.04245
185.735	0.04242
185.704	0.04242
185.673	0.0424
185.642	0.0424
185.609	0.04241
185.579	0.04238
185.546	0.04239
185.516	0.04239
185.484	0.04238
185.454	0.04239
185.421	0.04237
185.391	0.04238
185.358	0.04237
185.325	0.04235
185.294	0.04236
185.262	0.04234
185.232	0.04234
185.2	0.04233
185.17	0.04233
185.137	0.04232
185.107	0.04231
185.076	0.04231
185.045	0.04231
185.013	0.04229
184.981	0.0423
184.951	0.04229
184.918	0.04229
184.888	0.04229
184.856	0.04227
184.826	0.04229
184.794	0.04227
184.763	0.04226
184.732	0.04225
184.702	0.04225
184.67	0.04224
184.639	0.04224
184.607	0.04223
184.575	0.04223
184.545	0.04223
184.512	0.04223
184.482	0.04225
184.451	0.04223
184.42	0.0422
184.388	0.04222
184.358	0.04223
184.326	0.0422
184.296	0.0422
184.264	0.04217
184.232	0.0422
184.203	0.04218
184.17	0.04219
184.14	0.04219
184.107	0.04215
184.077	0.04216
184.044	0.04217
184.014	0.04214
183.982	0.04217
183.952	0.04216
183.92	0.04215
183.889	0.04214
183.857	0.04212
183.825	0.04212
183.795	0.04212
183.763	0.04211
183.732	0.04212
183.7	0.0421
183.671	0.04213
183.638	0.04212
183.608	0.04211
183.576	0.04209
183.546	0.04208
183.514	0.04211
183.481	0.0421
183.452	0.04209
183.42	0.04208
183.389	0.0421
183.357	0.04208
183.327	0.04206
183.294	0.04206
183.263	0.04204
183.231	0.04205
183.201	0.04204
183.167	0.04204
183.135	0.04203
183.104	0.04202
183.071	0.04203
183.041	0.04202
183.009	0.04201
182.979	0.04202
182.946	0.042
182.916	0.042
182.885	0.04199
182.855	0.04199
182.822	0.04198
182.792	0.04199
182.76	0.04199
182.728	0.04195
182.698	0.04198
182.665	0.04197
182.635	0.04197
182.603	0.04196
182.573	0.04196
182.541	0.04196
182.511	0.04196
182.478	0.04195
182.448	0.04196
182.416	0.04194
182.384	0.04192
182.353	0.04191
182.32	0.04191
182.29	0.0419
182.257	0.04189
182.227	0.0419
182.194	0.0419
182.163	0.04187
182.13	0.04188
182.1	0.04187
182.067	0.04187
182.035	0.04187
182.004	0.04186
181.972	0.04183
181.942	0.04185
181.911	0.04185
181.88	0.04185
181.848	0.04185
181.819	0.04185
181.786	0.04184
181.757	0.04181
181.725	0.04182
181.693	0.04179
181.663	0.04181
181.631	0.0418
181.601	0.04179
181.569	0.04181
181.539	0.0418
181.508	0.04178
181.477	0.04177
181.445	0.04176
181.415	0.04177
181.382	0.04178
181.352	0.04176
181.32	0.04177
181.288	0.04175
181.258	0.04176
181.226	0.04174
181.197	0.04173
181.165	0.04173
181.135	0.04173
181.103	0.04174
181.073	0.04175
181.04	0.04172
181.01	0.04171
180.978	0.04171
180.946	0.04172
180.916	0.04169
180.884	0.04169
180.854	0.04171
180.822	0.04169
180.791	0.04169
180.759	0.0417
180.729	0.04167
180.697	0.04164
180.667	0.04166
180.636	0.04167
180.606	0.04165
180.574	0.04166
180.542	0.04164
180.512	0.04164
180.48	0.04163
180.449	0.04162
180.417	0.04164
180.387	0.04162
180.355	0.04162
180.325	0.04161
180.292	0.04161
180.262	0.04159
180.23	0.0416
180.198	0.04157
180.168	0.04159
180.136	0.04158
180.106	0.04156
180.074	0.04157
180.044	0.04155
180.012	0.04157
179.983	0.04158
179.951	0.04155
179.921	0.04155
179.889	0.04155
179.857	0.04154
179.827	0.04155
179.795	0.04154
179.766	0.04152
179.734	0.04152
179.704	0.04154
179.672	0.04151
179.642	0.0415
179.61	0.0415
179.58	0.04151
179.549	0.04148
179.519	0.04148
179.487	0.04149
179.454	0.04147
179.424	0.0415
179.392	0.04146
179.362	0.04146
179.331	0.04148
179.301	0.04143
179.269	0.04146
179.24	0.04145
179.208	0.04144
179.178	0.04145
179.147	0.04144
179.115	0.04144
179.086	0.04142
179.054	0.04143
179.024	0.04142
178.992	0.04143
178.961	0.04143
178.93	0.04143
178.9	0.04138
178.868	0.0414
178.837	0.04141
178.806	0.04138
178.777	0.04138
178.745	0.04139
178.713	0.04139
178.683	0.04137
178.651	0.04137
178.622	0.04136
178.589	0.04137
178.559	0.04139
178.528	0.04137
178.499	0.04136
178.467	0.04134
178.438	0.04135
178.406	0.04135
178.374	0.04134
178.344	0.04134
178.312	0.04133
178.282	0.04134
178.25	0.04132
178.221	0.04133
178.189	0.04132
178.159	0.04129
178.128	0.04131
178.096	0.04129
178.067	0.0413
178.038	0.04129
178.006	0.04128
177.974	0.0413
177.944	0.04126
177.912	0.04124
177.883	0.04127
177.851	0.04125
177.821	0.04128
177.789	0.04126
177.76	0.04124
177.728	0.04123
177.698	0.04123
177.666	0.04122
177.636	0.04122
177.604	0.04121
177.572	0.04121
177.542	0.04119
177.511	0.04119
177.481	0.04119
177.449	0.04119
177.419	0.04119
177.388	0.04118
177.358	0.04114
177.326	0.04115
177.296	0.04116
177.264	0.04116
177.234	0.04117
177.202	0.04116
177.17	0.04114
177.14	0.04116
177.107	0.04114
177.077	0.04112
177.044	0.04113
177.013	0.04113
176.981	0.04113
176.951	0.04111
176.918	0.04114
176.888	0.04111
176.855	0.04111
176.823	0.04111
176.793	0.0411
176.761	0.0411
176.73	0.04109
176.698	0.04109
176.667	0.04107
176.635	0.04107
176.605	0.04107
176.572	0.04107
176.542	0.04107
176.51	0.04105
176.48	0.04103
176.449	0.04107
176.417	0.04107
176.388	0.04105
176.356	0.04104
176.326	0.04105
176.293	0.04103
176.264	0.04103
176.232	0.04103
176.203	0.04102
176.171	0.04101
176.141	0.04101
176.108	0.041
176.076	0.04098
176.045	0.04101
176.013	0.041
175.983	0.041
175.95	0.04098
175.919	0.04099
175.887	0.04097
175.857	0.04094
175.824	0.04094
175.794	0.04094
175.762	0.04096
175.732	0.04096
175.701	0.04096
175.668	0.04093
175.638	0.04094
175.607	0.04094
175.576	0.04093
175.545	0.04091
175.515	0.04092
175.484	0.0409
175.454	0.04091
175.423	0.0409
175.392	0.0409
175.36	0.0409
175.329	0.0409
175.299	0.04089
175.267	0.04087
175.238	0.04087
175.205	0.04087
175.174	0.04086
175.143	0.04086
175.112	0.04084
175.08	0.04085
175.049	0.04084
175.017	0.04084
174.987	0.04085
174.954	0.04084
174.922	0.04084
174.892	0.04083
174.86	0.04083
174.83	0.04082
174.798	0.0408
174.767	0.04081
174.735	0.04081
174.703	0.04079
174.673	0.0408
174.643	0.04079
174.611	0.0408
174.582	0.04077
174.55	0.04077
174.518	0.04075
174.488	0.04077
174.456	0.04076
174.427	0.04077
174.394	0.04075
174.365	0.04074
174.333	0.04075
174.304	0.04073
174.272	0.04074
174.242	0.04073
174.211	0.04072
174.179	0.04073
174.149	0.0407
174.117	0.04071
174.088	0.04071
174.056	0.04071
174.026	0.04071
173.994	0.04071
173.964	0.04068
173.932	0.04069
173.902	0.04067
173.87	0.04068
173.84	0.04069
173.808	0.04066
173.775	0.04068
173.746	0.04067
173.714	0.04065
173.685	0.04065
173.654	0.04064
173.624	0.04063
173.593	0.04064
173.563	0.04065
173.531	0.04064
173.5	0.04063
173.468	0.04064
173.437	0.04062
173.404	0.0406
173.371	0.04061
173.34	0.0406
173.308	0.04061
173.278	0.04062
173.246	0.04058
173.216	0.04057
173.183	0.04059
173.153	0.04057
173.121	0.04059
173.091	0.04054
173.06	0.04057
173.028	0.04057
172.998	0.04055
172.965	0.04056
172.935	0.04054
172.903	0.04053
172.874	0.04055
172.842	0.04053
172.812	0.04052
172.781	0.04051
172.751	0.0405
172.72	0.0405
172.69	0.0405
172.658	0.04049
172.626	0.0405
172.596	0.04048
172.564	0.04049
172.534	0.04047
172.502	0.04047
172.473	0.04049
172.44	0.04046
172.408	0.04047
172.378	0.04048
172.349	0.04045
172.317	0.04047
172.287	0.04043
172.255	0.04042
172.223	0.04044
172.193	0.04044
172.161	0.04042
172.131	0.04043
172.099	0.04041
172.07	0.04042
172.038	0.04042
172.007	0.04039
171.975	0.04041
171.945	0.04039
171.914	0.0404
171.884	0.04038
171.852	0.04038
171.82	0.04038
171.79	0.04037
171.758	0.04037
171.728	0.04036
171.696	0.04035
171.667	0.04037
171.634	0.04036
171.604	0.04037
171.572	0.04035
171.542	0.04034
171.51	0.04034
171.478	0.04032
171.448	0.04032
171.416	0.04033
171.387	0.04031
171.354	0.04032
171.323	0.04031
171.289	0.04031
171.258	0.04031
171.225	0.0403
171.194	0.04029
171.162	0.0403
171.132	0.04028
171.1	0.04029
171.068	0.04029
171.038	0.04028
171.006	0.04026
170.976	0.04026
170.944	0.04025
170.914	0.04024
170.882	0.04026
170.852	0.04026
170.82	0.04024
170.791	0.04024
170.759	0.04023
170.727	0.04024
170.698	0.04022
170.666	0.04024
170.636	0.04021
170.605	0.04022
170.575	0.04021
170.543	0.0402
170.514	0.04019
170.482	0.0402
170.452	0.0402
170.421	0.0402
170.391	0.0402
170.359	0.04018
170.327	0.04017
170.298	0.04019
170.266	0.04017
170.237	0.04017
170.205	0.04017
170.175	0.04015
170.144	0.04016
170.114	0.04014
170.083	0.04014
170.053	0.04014
170.022	0.04014
169.99	0.04012
169.96	0.04013
169.929	0.0401
169.9	0.04012
169.869	0.04012
169.839	0.04012
169.807	0.04012
169.777	0.04011
169.745	0.0401
169.715	0.0401
169.683	0.04008
169.653	0.04007
169.621	0.04009
169.589	0.04008
169.56	0.04008
169.528	0.04006
169.498	0.04005
169.466	0.04007
169.437	0.04005
169.405	0.04006
169.376	0.04005
169.344	0.04002
169.315	0.04004
169.283	0.04004
169.253	0.04002
169.221	0.04004
169.189	0.04002
169.159	0.04003
169.127	0.04001
169.097	0.03999
169.065	0.04002
169.035	0.04
169.004	0.04002
168.975	0.03999
168.943	0.03998
168.913	0.03998
168.881	0.04001
168.852	0.03999
168.82	0.03998
168.788	0.03997
168.758	0.03994
168.726	0.03996
168.696	0.03996
168.664	0.03995
168.634	0.03995
168.603	0.03995
168.574	0.03994
168.542	0.03993
168.512	0.03992
168.481	0.03992
168.449	0.03994
168.419	0.03992
168.387	0.03992
168.358	0.03991
168.327	0.03992
168.298	0.03989
168.265	0.03989
168.236	0.0399
168.204	0.03988
168.175	0.03989
168.143	0.03988
168.114	0.03987
168.083	0.03986
168.052	0.03985
168.022	0.03987
167.991	0.03985
167.962	0.03986
167.93	0.03983
167.901	0.03982
167.87	0.03983
167.84	0.03983
167.807	0.03983
167.777	0.03983
167.745	0.03984
167.715	0.03982
167.682	0.03981
167.65	0.03981
167.621	0.03982
167.589	0.03982
167.559	0.0398
167.527	0.0398
167.497	0.03979
167.464	0.03978
167.435	0.03978
167.403	0.03979
167.374	0.03978
167.341	0.03978
167.309	0.03979
167.279	0.03975
167.246	0.03974
167.216	0.03975
167.185	0.03974
167.155	0.03976
167.124	0.03973
167.094	0.03974
167.062	0.03974
167.032	0.03975
167	0.03972
166.971	0.03972
166.939	0.0397
166.908	0.03972
166.879	0.03972
166.847	0.03971
166.817	0.03972
166.786	0.0397
166.756	0.0397
166.724	0.03968
166.694	0.03968
166.662	0.03969
166.632	0.03968
166.601	0.03968
166.571	0.03969
166.539	0.03968
166.508	0.03966
166.478	0.03966
166.447	0.03965
166.418	0.03965
166.387	0.03966
166.357	0.03964
166.326	0.03964
166.296	0.03963
166.264	0.03963
166.234	0.03963
166.202	0.03963
166.17	0.03962
166.14	0.03961
166.108	0.03961
166.078	0.0396
166.046	0.0396
166.016	0.0396
165.983	0.0396
165.954	0.03959
165.922	0.0396
165.892	0.03957
165.861	0.03958
165.831	0.03957
165.799	0.03957
165.768	0.03958
165.738	0.03956
165.706	0.03957
165.677	0.03956
165.645	0.03954
165.616	0.03955
165.584	0.03955
165.555	0.03954
165.524	0.03952
165.494	0.03951
165.462	0.03952
165.431	0.03953
165.401	0.03952
165.369	0.03952
165.339	0.0395
165.307	0.0395
165.277	0.03948
165.245	0.03951
165.215	0.03949
165.182	0.03947
165.153	0.03949
165.121	0.03947
165.089	0.03946
165.059	0.03948
165.027	0.03947
164.997	0.03946
164.965	0.03947
164.935	0.03945
164.903	0.03946
164.873	0.03945
164.841	0.03943
164.812	0.03945
164.78	0.03944
164.751	0.03943
164.719	0.03944
164.688	0.03942
164.658	0.03942
164.626	0.03943
164.596	0.0394
164.564	0.03943
164.534	0.03939
164.501	0.03939
164.471	0.03939
164.438	0.03938
164.409	0.03939
164.376	0.03937
164.344	0.03935
164.314	0.03939
164.282	0.03938
164.252	0.03938
164.22	0.03938
164.19	0.03936
164.159	0.03936
164.129	0.03935
164.097	0.03937
164.067	0.03936
164.036	0.03936
164.006	0.03936
163.974	0.03934
163.943	0.03934
163.914	0.03932
163.883	0.03933
163.853	0.03933
163.822	0.03934
163.793	0.03933
163.762	0.0393
163.732	0.03932
163.7	0.03931
163.669	0.03931
163.638	0.0393
163.606	0.03931
163.576	0.0393
163.545	0.03929
163.515	0.03929
163.483	0.03928
163.453	0.03927
163.421	0.03928
163.39	0.03925
163.358	0.03927
163.328	0.03927
163.296	0.03924
163.267	0.03924
163.235	0.03923
163.203	0.03924
163.174	0.03925
163.143	0.03924
163.113	0.03923
163.082	0.03923
163.052	0.03923
163.021	0.03922
162.992	0.03922
162.961	0.03921
162.931	0.03919
162.9	0.03918
162.869	0.03919
162.839	0.0392
162.808	0.03918
162.778	0.03918
162.746	0.03917
162.717	0.03917
162.684	0.03917
162.655	0.03915
162.622	0.03915
162.592	0.03916
162.561	0.03914
162.531	0.03914
162.499	0.03914
162.466	0.03915
162.435	0.03914
162.403	0.03914
162.372	0.03914
162.339	0.03912
162.31	0.03913
162.278	0.03911
162.247	0.0391
162.216	0.0391
162.186	0.03908
162.154	0.03911
162.122	0.0391
162.093	0.03909
162.062	0.0391
162.033	0.03908
162.002	0.03908
161.973	0.03907
161.942	0.03907
161.914	0.03909
161.883	0.03906
161.853	0.03907
161.822	0.03905
161.792	0.03903
161.761	0.03904
161.729	0.03904
161.699	0.03903
161.668	0.03904
161.638	0.03903
161.606	0.03903
161.576	0.03904
161.544	0.03901
161.515	0.03901
161.483	0.03901
161.454	0.03902
161.423	0.039
161.392	0.03899
161.363	0.03901
161.331	0.03898
161.301	0.03896
161.268	0.03899
161.239	0.03898
161.208	0.039
161.178	0.039
161.146	0.03895
161.117	0.03895
161.085	0.03894
161.053	0.03896
161.023	0.03896
160.991	0.03894
160.962	0.03894
160.93	0.03895
160.901	0.03894
160.869	0.03896
160.84	0.03892
160.809	0.03891
160.78	0.03892
160.749	0.03891
160.719	0.03892
160.688	0.0389
160.656	0.03891
160.627	0.03889
160.596	0.0389
160.567	0.03887
160.535	0.03889
160.506	0.03889
160.474	0.03887
160.443	0.0389
160.411	0.03887
160.381	0.03888
160.349	0.03887
160.319	0.03883
160.287	0.03886
160.256	0.03885
160.226	0.03884
160.194	0.03885
160.164	0.03883
160.132	0.03883
160.102	0.03883
160.07	0.03882
160.04	0.03883
160.007	0.03883
159.977	0.03883
159.945	0.03881
159.912	0.03881
159.881	0.0388
159.85	0.03877
159.82	0.0388
159.789	0.03879
159.76	0.03879
159.728	0.03878
159.699	0.03877
159.668	0.0388
159.638	0.03877
159.606	0.03878
159.577	0.03875
159.545	0.03875
159.513	0.03877
159.483	0.03875
159.451	0.03876
159.421	0.03874
159.389	0.03872
159.358	0.03873
159.326	0.03874
159.296	0.03873
159.264	0.03874
159.234	0.03872
159.202	0.03873
159.17	0.03871
159.141	0.0387
159.108	0.03872
159.078	0.03871
159.046	0.03872
159.017	0.0387
158.986	0.03869
158.957	0.0387
158.925	0.03869
158.894	0.03868
158.865	0.03869
158.833	0.03867
158.804	0.03866
158.772	0.03867
158.743	0.03866
158.712	0.03867
158.683	0.03867
158.651	0.03865
158.623	0.03863
158.592	0.03864
158.563	0.03865
158.532	0.03865
158.503	0.03864
158.471	0.03864
158.44	0.03862
158.411	0.03864
158.38	0.03864
158.351	0.03862
158.32	0.03863
158.291	0.03862
158.259	0.0386
158.23	0.0386
158.199	0.03858
158.169	0.03859
158.138	0.03861
158.105	0.03861
158.076	0.03858
158.043	0.0386
158.012	0.03858
157.98	0.03857
157.95	0.03859
157.918	0.03855
157.888	0.03858
157.856	0.03857
157.827	0.03855
157.795	0.03855
157.763	0.03852
157.733	0.03853
157.701	0.03855
157.67	0.03853
157.638	0.03855
157.607	0.03851
157.576	0.03853
157.546	0.03852
157.514	0.0385
157.485	0.03852
157.453	0.03851
157.423	0.03851
157.392	0.03852
157.359	0.0385
157.33	0.03852
157.298	0.0385
157.268	0.03849
157.235	0.03848
157.204	0.03849
157.174	0.03849
157.145	0.03848
157.114	0.03848
157.085	0.03846
157.054	0.03847
157.022	0.03845
156.993	0.03846
156.962	0.03845
156.932	0.03846
156.9	0.03845
156.871	0.03844
156.839	0.03845
156.808	0.03843
156.775	0.03844
156.744	0.03844
156.711	0.03843
156.681	0.03842
156.649	0.03842
156.616	0.03841
156.585	0.03842
156.554	0.0384
156.524	0.03841
156.491	0.03839
156.462	0.03839
156.43	0.0384
156.4	0.03839
156.368	0.03839
156.338	0.03838
156.306	0.03837
156.275	0.03836
156.246	0.03835
156.214	0.03836
156.185	0.03835
156.154	0.03836
156.125	0.03835
156.095	0.03835
156.064	0.03834
156.034	0.03834
156.004	0.03832
155.972	0.03833
155.94	0.03832
155.909	0.03832
155.876	0.03831
155.846	0.03835
155.813	0.03833
155.783	0.03833
155.751	0.0383
155.722	0.03831
155.689	0.03831
155.659	0.0383
155.627	0.0383
155.595	0.03829
155.566	0.03828
155.534	0.03829
155.505	0.03828
155.474	0.03829
155.444	0.03826
155.412	0.03827
155.382	0.03827
155.351	0.03827
155.321	0.03827
155.289	0.03826
155.259	0.03825
155.227	0.03827
155.195	0.03825
155.165	0.03825
155.133	0.03824
155.104	0.03825
155.073	0.03826
155.044	0.03823
155.012	0.03823
154.983	0.03823
154.951	0.03822
154.922	0.03826
154.891	0.03822
154.86	0.03822
154.831	0.03821
154.801	0.03823
154.773	0.03823
154.742	0.03822
154.713	0.0382
154.682	0.03819
154.653	0.0382
154.622	0.0382
154.592	0.0382
154.561	0.03819
154.531	0.03819
154.5	0.03818
154.468	0.03817
154.437	0.03817
154.405	0.03818
154.376	0.03817
154.344	0.03819
154.314	0.03818
154.282	0.03818
154.252	0.03817
154.221	0.03815
154.191	0.03817
154.16	0.03814
154.13	0.03814
154.101	0.03816
154.07	0.03816
154.042	0.03814
154.011	0.03814
153.982	0.03813
153.952	0.03812
153.924	0.0381
153.893	0.03814
153.864	0.03811
153.833	0.03811
153.802	0.03812
153.773	0.0381
153.74	0.0381
153.711	0.03811
153.679	0.03808
153.649	0.03812
153.616	0.0381
153.586	0.0381
153.554	0.03811
153.523	0.03809
153.491	0.03807
153.458	0.03805
153.428	0.03805
153.395	0.03807
153.365	0.03806
153.333	0.03808
153.303	0.03806
153.272	0.03803
153.243	0.03807
153.211	0.03806
153.182	0.03804
153.151	0.03805
153.122	0.03804
153.09	0.03804
153.057	0.03804
153.027	0.03803
152.995	0.03803
152.966	0.03802
152.935	0.03801
152.905	0.03802
152.874	0.03799
152.845	0.03802
152.813	0.038
152.785	0.03801
152.754	0.038
152.723	0.03799
152.695	0.03798
152.663	0.03799
152.634	0.03799
152.602	0.03799
152.572	0.038
152.539	0.03797
152.509	0.03797
152.477	0.03796
152.447	0.03798
152.414	0.03797
152.384	0.03796
152.353	0.03796
152.324	0.03796
152.292	0.03797
152.26	0.03796
152.23	0.03795
152.199	0.03794
152.17	0.03796
152.139	0.03792
152.109	0.03793
152.077	0.03792
152.047	0.03792
152.015	0.03793
151.985	0.03792
151.952	0.03791
151.92	0.0379
151.89	0.0379
151.858	0.03791
151.829	0.03789
151.798	0.03787
151.769	0.03789
151.738	0.03789
151.709	0.03789
151.677	0.0379
151.648	0.03788
151.615	0.03788
151.582	0.03787
151.552	0.03788
151.519	0.03785
151.489	0.03787
151.458	0.03787
151.429	0.03785
151.397	0.03787
151.368	0.03783
151.336	0.03785
151.306	0.03784
151.274	0.03782
151.245	0.03782
151.213	0.03783
151.182	0.03784
151.152	0.03783
151.121	0.03782
151.092	0.03779
151.06	0.03781
151.031	0.03781
150.999	0.03781
150.97	0.03781
150.939	0.03782
150.91	0.03781
150.879	0.0378
150.851	0.03779
150.821	0.03778
150.789	0.03779
150.759	0.0378
150.727	0.03778
150.698	0.03777
150.666	0.03779
150.635	0.03778
150.603	0.03777
150.573	0.03775
150.542	0.03774
150.512	0.03776
150.481	0.03777
150.449	0.03778
150.419	0.03776
150.386	0.03772
150.356	0.03775
150.324	0.03771
150.295	0.03773
150.264	0.03773
150.234	0.03772
150.203	0.03774
150.173	0.03772
150.142	0.03772
150.112	0.03771
150.081	0.03769
150.05	0.03772
150.02	0.0377
149.989	0.03769
149.96	0.0377
149.929	0.03769
149.899	0.0377
149.867	0.03771
149.837	0.03768
149.804	0.03769
149.774	0.03769
149.742	0.03769
149.712	0.03767
149.681	0.03767
149.65	0.03769
149.621	0.03768
149.591	0.03767
149.563	0.03766
149.532	0.03768
149.503	0.03766
149.471	0.03766
149.442	0.03764
149.41	0.03764
149.38	0.03765
149.348	0.03766
149.316	0.03763
149.286	0.03763
149.255	0.03763
149.225	0.03765
149.193	0.03763
149.163	0.03762
149.131	0.0376
149.102	0.03761
149.071	0.03764
149.041	0.0376
149.009	0.03761
148.978	0.03763
148.948	0.03759
148.916	0.0376
148.886	0.0376
148.855	0.03758
148.826	0.03759
148.794	0.03759
148.765	0.03757
148.734	0.03756
148.705	0.03757
148.674	0.03757
148.645	0.03757
148.613	0.03759
148.582	0.03756
148.552	0.03755
148.52	0.03757
148.491	0.03753
148.459	0.03755
148.429	0.03755
148.396	0.03754
148.366	0.03755
148.334	0.03754
148.304	0.03752
148.272	0.03752
148.24	0.03752
148.21	0.0375
148.178	0.0375
148.148	0.0375
148.117	0.03753
148.088	0.03753
148.058	0.0375
148.029	0.03751
147.997	0.03751
147.968	0.03748
147.937	0.03749
147.908	0.03748
147.876	0.0375
147.844	0.03749
147.814	0.03749
147.782	0.03748
147.753	0.03748
147.721	0.03749
147.692	0.03748
147.662	0.03747
147.633	0.03746
147.603	0.03744
147.574	0.03745
147.544	0.03745
147.514	0.03745
147.486	0.03745
147.455	0.03746
147.427	0.03744
147.396	0.03743
147.367	0.03744
147.336	0.03743
147.308	0.03745
147.276	0.03745
147.247	0.03744
147.215	0.03743
147.185	0.03741
147.154	0.03744
147.123	0.03741
147.093	0.0374
147.061	0.0374
147.031	0.0374
147	0.03741
146.97	0.03743
146.937	0.0374
146.906	0.03739
146.874	0.03739
146.843	0.03737
146.81	0.03737
146.78	0.03737
146.747	0.03737
146.715	0.03737
146.685	0.03738
146.654	0.03738
146.624	0.03736
146.593	0.03736
146.563	0.03738
146.531	0.03736
146.502	0.03734
146.471	0.03735
146.443	0.03733
146.412	0.03733
146.38	0.03735
146.35	0.03733
146.318	0.03734
146.289	0.03733
146.257	0.03734
146.228	0.03734
146.196	0.03732
146.166	0.03731
146.133	0.03733
146.103	0.03731
146.071	0.03732
146.041	0.03731
146.008	0.0373
145.976	0.0373
145.945	0.03728
145.913	0.03728
145.883	0.03729
145.851	0.03727
145.822	0.03728
145.79	0.03727
145.76	0.03728
145.727	0.03727
145.696	0.03727
145.663	0.03727
145.63	0.03724
145.6	0.03726
145.567	0.03726
145.537	0.03727
145.504	0.03725
145.474	0.03724
145.442	0.03726
145.412	0.03725
145.38	0.03724
145.35	0.03723
145.319	0.03724
145.287	0.03726
145.257	0.03725
145.225	0.03722
145.196	0.03722
145.164	0.03721
145.134	0.03722
145.103	0.03722
145.074	0.0372
145.042	0.03718
145.014	0.0372
144.983	0.03719
144.955	0.0372
144.924	0.03721
144.894	0.03718
144.866	0.03718
144.836	0.0372
144.807	0.03716
144.775	0.03717
144.746	0.03719
144.714	0.03716
144.685	0.03718
144.653	0.03717
144.624	0.03718
144.593	0.03717
144.561	0.03716
144.532	0.03717
144.501	0.03714
144.472	0.03716
144.441	0.03716
144.412	0.03716
144.382	0.03714
144.353	0.03713
144.322	0.03715
144.291	0.03714
144.262	0.03712
144.233	0.03712
144.201	0.03713
144.17	0.03712
144.14	0.03713
144.109	0.03709
144.079	0.03712
144.048	0.03712
144.018	0.03712
143.987	0.03711
143.958	0.03711
143.926	0.03711
143.896	0.03711
143.864	0.03708
143.831	0.03708
143.802	0.0371
143.77	0.03708
143.741	0.03709
143.709	0.03708
143.68	0.03707
143.65	0.03708
143.621	0.03706
143.59	0.03704
143.562	0.03705
143.53	0.03706
143.5	0.03706
143.468	0.03706
143.435	0.03705
143.406	0.03705
143.374	0.03705
143.345	0.03704
143.313	0.03704
143.284	0.03705
143.253	0.03702
143.223	0.03703
143.192	0.03703
143.162	0.03703
143.132	0.03702
143.1	0.03702
143.07	0.03701
143.038	0.03701
143.009	0.03698
142.976	0.03701
142.946	0.037
142.914	0.03699
142.883	0.037
142.852	0.03698
142.823	0.037
142.791	0.03697
142.76	0.03697
142.731	0.03696
142.699	0.03695
142.67	0.03697
142.638	0.03698
142.608	0.03695
142.576	0.03698
142.545	0.03694
142.512	0.03696
142.482	0.03695
142.448	0.03693
142.414	0.03693
142.383	0.03693
142.351	0.03694
142.32	0.03695
142.286	0.03692
142.256	0.03693
142.222	0.03692
142.191	0.03692
142.158	0.03693
142.128	0.03692
142.096	0.03692
142.066	0.03693
142.034	0.03691
142.003	0.03691
141.974	0.03689
141.943	0.03687
141.914	0.0369
141.882	0.0369
141.852	0.03689
141.82	0.0369
141.789	0.03688
141.755	0.03691
141.724	0.0369
141.69	0.03687
141.658	0.03688
141.625	0.03688
141.592	0.03691
141.562	0.03688
141.529	0.03687
141.498	0.03688
141.466	0.03686
141.435	0.03687
141.402	0.03687
141.37	0.03686
141.336	0.03686
141.304	0.03685
141.27	0.03686
141.237	0.03685
141.207	0.03684
141.174	0.03686
141.144	0.03684
141.113	0.03684
141.083	0.03683
141.052	0.03682
141.023	0.03682
140.992	0.03681
140.963	0.03684
140.931	0.03683
140.902	0.03683
140.871	0.03682
140.84	0.03682
140.811	0.03682
140.78	0.03681
140.752	0.03681
140.721	0.0368
140.693	0.03679
140.662	0.0368
140.632	0.03679
140.6	0.03679
140.571	0.03679
140.54	0.03679
140.51	0.03677
140.477	0.03678
140.444	0.03678
140.413	0.03677
140.38	0.03677
140.35	0.03675
140.318	0.03676
140.289	0.03676
140.258	0.03675
140.229	0.03675
140.198	0.03673
140.168	0.03673
140.136	0.03674
140.103	0.03674
140.072	0.03674
140.039	0.03675
140.007	0.03673
139.974	0.03674
139.944	0.03671
139.91	0.03672
139.88	0.03672
139.848	0.0367
139.818	0.03674
139.787	0.0367
139.758	0.03671
139.727	0.03672
139.696	0.03669
139.668	0.0367
139.638	0.0367
139.61	0.03669
139.58	0.03671
139.551	0.03668
139.52	0.0367
139.49	0.0367
139.459	0.03668
139.43	0.03668
139.399	0.03665
139.37	0.03666
139.339	0.03667
139.307	0.03667
139.277	0.03666
139.244	0.03667
139.214	0.03664
139.182	0.03665
139.151	0.03665
139.119	0.03664
139.089	0.03666
139.055	0.03664
139.025	0.03663
138.992	0.03663
138.959	0.03662
138.929	0.03663
138.897	0.03662
138.867	0.03663
138.836	0.03662
138.806	0.03661
138.774	0.03661
138.744	0.03661
138.712	0.03664
138.681	0.03661
138.65	0.0366
138.618	0.03662
138.588	0.0366
138.556	0.03661
138.526	0.0366
138.494	0.03658
138.464	0.0366
138.432	0.03658
138.403	0.03658
138.372	0.03658
138.342	0.03657
138.31	0.03658
138.28	0.03659
138.247	0.03659
138.215	0.03659
138.183	0.03656
138.15	0.03658
138.12	0.03656
138.087	0.03655
138.056	0.03657
138.022	0.03655
137.99	0.03655
137.957	0.03654
137.925	0.03652
137.893	0.03655
137.862	0.03654
137.83	0.03651
137.798	0.03654
137.769	0.03653
137.738	0.03654
137.707	0.03653
137.676	0.03652
137.646	0.03651
137.614	0.0365
137.584	0.0365
137.553	0.03651
137.523	0.03649
137.492	0.03652
137.461	0.03652
137.432	0.03649
137.402	0.0365
137.373	0.03649
137.343	0.0365
137.314	0.03649
137.284	0.03647
137.255	0.03648
137.225	0.03647
137.196	0.03647
137.165	0.03648
137.137	0.03644
137.105	0.03646
137.076	0.03648
137.044	0.03645
137.01	0.03646
136.98	0.03646
136.947	0.03645
136.916	0.03646
136.884	0.03645
136.854	0.03644
136.822	0.03644
136.792	0.03643
136.758	0.03645
136.727	0.03643
136.694	0.03642
136.661	0.03641
136.631	0.03643
136.598	0.03644
136.567	0.03643
136.535	0.03643
136.505	0.03642
136.472	0.03642
136.443	0.03641
136.411	0.03641
136.38	0.03642
136.348	0.03641
136.318	0.0364
136.286	0.03638
136.254	0.03639
136.225	0.03639
136.194	0.03641
136.164	0.03639
136.132	0.03638
136.103	0.0364
136.072	0.03637
136.041	0.03638
136.008	0.03638
135.977	0.03635
135.944	0.03639
135.913	0.03637
135.882	0.03637
135.851	0.03636
135.822	0.03634
135.791	0.03637
135.762	0.03636
135.73	0.03635
135.701	0.03636
135.669	0.03633
135.639	0.03634
135.607	0.03634
135.577	0.03632
135.545	0.03633
135.513	0.03633
135.484	0.03633
135.452	0.03633
135.422	0.03632
135.39	0.03633
135.36	0.03635
135.327	0.03632
135.296	0.03631
135.264	0.03631
135.235	0.03631
135.203	0.03632
135.172	0.03632
135.14	0.03633
135.108	0.03632
135.078	0.0363
135.047	0.03629
135.018	0.03629
134.987	0.03629
134.957	0.0363
134.925	0.0363
134.895	0.03631
134.863	0.03628
134.833	0.03628
134.802	0.03629
134.771	0.03628
134.741	0.03626
134.709	0.03627
134.678	0.03626
134.646	0.03628
134.615	0.03625
134.583	0.03627
134.553	0.03626
134.521	0.03624
134.491	0.03625
134.458	0.03624
134.428	0.03625
134.397	0.03625
134.366	0.03623
134.337	0.03625
134.307	0.03623
134.279	0.03624
134.248	0.03626
134.219	0.03623
134.188	0.03622
134.159	0.03623
134.128	0.03622
134.099	0.03623
134.066	0.03621
134.035	0.03619
134.001	0.03622
133.968	0.03621
133.937	0.03622
133.904	0.03622
133.874	0.03619
133.842	0.03621
133.811	0.0362
133.779	0.0362
133.749	0.03619
133.718	0.03619
133.688	0.03619
133.657	0.03619
133.624	0.03617
133.594	0.03619
133.561	0.03618
133.53	0.03617
133.499	0.03616
133.469	0.03616
133.437	0.03614
133.406	0.03617
133.374	0.03615
133.343	0.03615
133.311	0.03615
133.281	0.03615
133.249	0.03616
133.217	0.03616
133.185	0.03615
133.151	0.03615
133.119	0.03613
133.085	0.03612
133.054	0.03613
133.022	0.03611
132.992	0.03613
132.961	0.03612
132.929	0.03611
132.9	0.03611
132.87	0.03613
132.838	0.03612
132.804	0.03611
132.774	0.03609
132.741	0.03611
132.71	0.03611
132.676	0.0361
132.646	0.03608
132.614	0.03609
132.584	0.03608
132.552	0.0361
132.522	0.0361
132.49	0.03608
132.461	0.03608
132.43	0.03609
132.398	0.03607
132.368	0.03608
132.336	0.03606
132.306	0.03605
132.274	0.03606
132.245	0.03608
132.214	0.03606
132.185	0.03609
132.155	0.03605
132.127	0.03604
132.096	0.03608
132.065	0.03605
132.035	0.03605
132.003	0.03605
131.973	0.03604
131.94	0.03604
131.91	0.03606
131.877	0.03605
131.847	0.03604
131.815	0.03602
131.783	0.03604
131.753	0.03605
131.721	0.03604
131.69	0.03602
131.657	0.03601
131.626	0.03602
131.592	0.03602
131.56	0.03602
131.526	0.036
131.494	0.03601
131.46	0.03601
131.428	0.03599
131.394	0.03602
131.363	0.036
131.33	0.03602
131.296	0.03599
131.265	0.03599
131.23	0.03601
131.199	0.036
131.166	0.036
131.137	0.03598
131.104	0.03598
131.075	0.03597
131.044	0.03599
131.016	0.03598
130.986	0.03594
130.957	0.03597
130.927	0.03596
130.896	0.03596
130.869	0.03596
130.839	0.03593
130.81	0.03595
130.779	0.03595
130.749	0.03595
130.716	0.03595
130.685	0.03595
130.652	0.03593
130.623	0.03596
130.591	0.03594
130.563	0.03592
130.532	0.03592
130.501	0.0359
130.472	0.03593
130.441	0.03592
130.412	0.03592
130.381	0.03592
130.352	0.03589
130.321	0.03589
130.291	0.03593
130.261	0.03592
130.232	0.03591
130.201	0.03591
130.17	0.03588
130.141	0.03591
130.11	0.0359
130.081	0.03589
130.05	0.03591
130.021	0.03589
129.989	0.03589
129.959	0.0359
129.927	0.03589
129.898	0.03591
129.866	0.03589
129.836	0.03587
129.804	0.03588
129.772	0.03587
129.741	0.03586
129.708	0.03588
129.677	0.03587
129.643	0.03587
129.612	0.03589
129.578	0.03587
129.547	0.03587
129.513	0.03587
129.482	0.03585
129.449	0.03583
129.419	0.03586
129.387	0.03586
129.356	0.03586
129.327	0.03586
129.297	0.03584
129.268	0.03585
129.236	0.03583
129.205	0.03583
129.172	0.03582
129.141	0.03585
129.108	0.03583
129.076	0.03583
129.044	0.03581
129.012	0.03583
128.979	0.03582
128.945	0.03582
128.914	0.03581
128.88	0.03581
128.848	0.03581
128.814	0.0358
128.782	0.0358
128.749	0.03581
128.718	0.03582
128.685	0.03578
128.654	0.03578
128.622	0.03578
128.59	0.0358
128.561	0.03579
128.53	0.03579
128.5	0.03578
128.47	0.03578
128.44	0.03577
128.409	0.0358
128.38	0.03579
128.35	0.03578
128.32	0.03578
128.288	0.03577
128.258	0.03577
128.225	0.03577
128.194	0.03575
128.164	0.03578
128.134	0.03577
128.106	0.03577
128.076	0.03578
128.049	0.03574
128.019	0.03577
127.991	0.03576
127.96	0.03576
127.93	0.03574
127.897	0.03573
127.867	0.03576
127.834	0.03576
127.8	0.03574
127.77	0.03573
127.737	0.03573
127.707	0.03574
127.675	0.03574
127.645	0.03573
127.614	0.03572
127.584	0.03572
127.552	0.03573
127.522	0.03573
127.491	0.03571
127.462	0.03574
127.43	0.03572
127.398	0.03572
127.368	0.03572
127.336	0.03572
127.306	0.0357
127.274	0.03572
127.244	0.03571
127.212	0.03572
127.18	0.03571
127.146	0.0357
127.114	0.03569
127.08	0.03568
127.049	0.03569
127.017	0.03569
126.984	0.03568
126.954	0.03569
126.922	0.03568
126.893	0.03566
126.861	0.03568
126.831	0.03565
126.799	0.03568
126.77	0.03566
126.737	0.03565
126.708	0.03567
126.675	0.03564
126.644	0.03573
126.611	0.03572
126.578	0.03571
126.547	0.03571
126.514	0.0357
126.484	0.03569
126.453	0.03569
126.422	0.03567
126.391	0.03567
126.362	0.03569
126.33	0.03566
126.3	0.03568
126.269	0.03567
126.237	0.03565
126.208	0.03566
126.176	0.03566
126.146	0.03566
126.115	0.03565
126.085	0.03563
126.052	0.03567
126.021	0.03566
125.989	0.03565
125.959	0.03566
125.927	0.03564
125.896	0.03565
125.866	0.03565
125.835	0.03562
125.806	0.03564
125.775	0.03563
125.747	0.03562
125.717	0.03564
125.688	0.03564
125.657	0.0356
125.627	0.03561
125.596	0.0356
125.565	0.03562
125.535	0.03562
125.502	0.03561
125.471	0.0356
125.438	0.03561
125.408	0.0356
125.375	0.03561
125.345	0.0356
125.312	0.03558
125.282	0.03558
125.249	0.03559
125.219	0.03561
125.187	0.03557
125.156	0.03557
125.126	0.03556
125.093	0.03557
125.063	0.03558
125.031	0.03556
125	0.03557
124.967	0.03557
124.935	0.03555
124.902	0.03558
124.873	0.03555
124.841	0.03555
124.812	0.03555
124.781	0.03553
124.749	0.03553
124.718	0.03555
124.684	0.03553
124.652	0.03554
124.617	0.03553
124.585	0.03552
124.55	0.03553
124.519	0.03554
124.486	0.03552
124.455	0.03552
124.422	0.03551
124.39	0.03553
124.361	0.03552
124.329	0.03552
124.3	0.03554
124.269	0.03552
124.24	0.03552
124.208	0.03553
124.177	0.0355
124.144	0.03551
124.113	0.03549
124.079	0.03551
124.048	0.0355
124.015	0.03548
123.981	0.03552
123.95	0.03551
123.918	0.03548
123.887	0.03547
123.855	0.03548
123.823	0.03547
123.794	0.03548
123.765	0.03548
123.734	0.03546
123.704	0.03547
123.672	0.03547
123.642	0.03547
123.611	0.03549
123.579	0.03547
123.549	0.03548
123.517	0.03547
123.488	0.0356
123.457	0.03555
123.428	0.03553
123.396	0.03553
123.365	0.03552
123.332	0.03551
123.301	0.03552
123.268	0.03553
123.234	0.03552
123.202	0.03548
123.169	0.0355
123.138	0.03548
123.104	0.03548
123.074	0.03549
123.041	0.03546
123.01	0.03547
122.976	0.03549
122.944	0.03548
122.91	0.03548
122.878	0.03548
122.845	0.03546
122.811	0.03549
122.781	0.03546
122.749	0.03544
122.719	0.03545
122.686	0.03543
122.657	0.03547
122.624	0.03546
122.594	0.03543
122.562	0.03545
122.531	0.03543
122.499	0.03544
122.466	0.03544
122.436	0.03542
122.403	0.03544
122.373	0.03543
122.341	0.03541
122.311	0.03543
122.278	0.0354
122.247	0.0354
122.215	0.03542
122.184	0.0354
122.152	0.0354
122.121	0.03541
122.088	0.0354
122.054	0.03542
122.024	0.03539
121.992	0.03539
121.962	0.0354
121.93	0.03539
121.901	0.03539
121.87	0.0354
121.839	0.03539
121.805	0.03539
121.773	0.03539
121.74	0.03539
121.708	0.03539
121.673	0.03539
121.637	0.03538
121.605	0.03538
121.57	0.03536
121.539	0.03539
121.506	0.03537
121.475	0.03537
121.444	0.03537
121.414	0.03535
121.382	0.03538
121.353	0.03536
121.32	0.03535
121.29	0.03537
121.259	0.03537
121.225	0.03535
121.195	0.03535
121.162	0.03536
121.132	0.03535
121.1	0.03534
121.07	0.03536
121.038	0.03532
121.008	0.03533
120.976	0.03534
120.946	0.03534
120.915	0.03533
120.883	0.03533
120.855	0.03531
120.823	0.03531
120.794	0.03529
120.763	0.03531
120.734	0.03534
120.701	0.03532
120.67	0.03531
120.635	0.0353
120.603	0.03529
120.568	0.03533
120.536	0.03532
120.502	0.03529
120.468	0.03531
120.437	0.03529
120.405	0.0353
120.376	0.03528
120.343	0.03529
120.313	0.0353
120.281	0.03528
120.25	0.03527
120.216	0.03528
120.184	0.03526
120.151	0.03529
120.118	0.03527
120.088	0.03527
120.055	0.03528
120.026	0.03526
119.995	0.03528
119.966	0.03529
119.937	0.03527
119.909	0.03525
119.879	0.03524
119.851	0.03524
119.821	0.03525
119.791	0.03525
119.763	0.03524
119.734	0.03524
119.705	0.03523
119.673	0.03523
119.643	0.03525
119.611	0.03524
119.581	0.03524
119.548	0.03523
119.518	0.03522
119.486	0.03524
119.456	0.03524
119.425	0.03522
119.396	0.03522
119.366	0.03521
119.336	0.03521
119.308	0.03523
119.278	0.03522
119.25	0.0352
119.22	0.03521
119.191	0.03521
119.16	0.03521
119.131	0.0352
119.099	0.03519
119.069	0.03518
119.037	0.03519
119.004	0.0352
118.974	0.0352
118.942	0.03521
118.912	0.03517
118.881	0.03519
118.851	0.03519
118.819	0.0352
118.79	0.0352
118.758	0.03517
118.727	0.03517
118.692	0.03518
118.657	0.03518
118.625	0.03518
118.591	0.03516
118.559	0.03515
118.526	0.03517
118.494	0.03515
118.462	0.03516
118.431	0.03516
118.397	0.03514
118.365	0.03517
118.331	0.03514
118.301	0.03516
118.268	0.03515
118.235	0.03514
118.205	0.03515
118.171	0.03515
118.14	0.03514
118.107	0.03512
118.076	0.03512
118.043	0.03514
118.013	0.03514
117.98	0.03513
117.949	0.03514
117.917	0.03513
117.887	0.03511
117.855	0.03513
117.822	0.03512
117.79	0.03513
117.757	0.03513
117.727	0.03511
117.695	0.03511
117.665	0.03513
117.633	0.0351
117.603	0.03511
117.572	0.03511
117.543	0.0351
117.512	0.0351
117.479	0.03509
117.449	0.03508
117.416	0.03507
117.387	0.03507
117.355	0.0351
117.327	0.0351
117.296	0.0351
117.267	0.03509
117.236	0.03508
117.206	0.03508
117.174	0.03508
117.145	0.03507
117.112	0.03507
117.079	0.03506
117.049	0.03506
117.015	0.03506
116.984	0.03506
116.951	0.03506
116.921	0.03506
116.889	0.03505
116.86	0.03506
116.829	0.03507
116.799	0.03507
116.767	0.03506
116.736	0.03505
116.702	0.03506
116.668	0.03506
116.636	0.03505
116.602	0.03504
116.57	0.03502
116.536	0.03505
116.504	0.03507
116.471	0.03505
116.44	0.03505
116.407	0.03504
116.376	0.03504
116.341	0.03505
116.306	0.03502
116.273	0.03504
116.239	0.03503
116.208	0.03504
116.175	0.03505
116.145	0.03503
116.113	0.03503
116.082	0.03502
116.047	0.03501
116.015	0.03504
115.98	0.03502
115.946	0.03503
115.915	0.03503
115.883	0.035
115.852	0.03503
115.82	0.03502
115.79	0.035
115.758	0.03499
115.728	0.03499
115.697	0.03499
115.668	0.03502
115.636	0.03501
115.606	0.03499
115.574	0.03498
115.541	0.03499
115.512	0.035
115.48	0.03499
115.451	0.03499
115.42	0.03497
115.392	0.03498
115.361	0.03498
115.333	0.03496
115.301	0.03498
115.27	0.03496
115.237	0.03495
115.203	0.03495
115.17	0.03494
115.136	0.03498
115.104	0.03496
115.071	0.03496
115.04	0.03494
115.006	0.03495
114.974	0.03494
114.939	0.03496
114.906	0.03494
114.871	0.03493
114.839	0.03494
114.805	0.03494
114.771	0.03493
114.74	0.03494
114.707	0.03492
114.677	0.03495
114.646	0.03494
114.616	0.03494
114.585	0.03494
114.554	0.03491
114.522	0.03492
114.491	0.03495
114.458	0.03493
114.427	0.03494
114.392	0.03491
114.358	0.03491
114.326	0.03491
114.292	0.03492
114.261	0.03492
114.228	0.03491
114.197	0.0349
114.164	0.03491
114.133	0.03492
114.101	0.03492
114.071	0.03491
114.037	0.03488
114.004	0.03487
113.974	0.03489
113.941	0.0349
113.91	0.03489
113.876	0.03488
113.846	0.03489
113.812	0.03489
113.782	0.03489
113.749	0.03489
113.718	0.03487
113.686	0.03486
113.653	0.03486
113.622	0.03485
113.589	0.03487
113.558	0.03487
113.526	0.03487
113.495	0.03486
113.463	0.03487
113.433	0.03488
113.4	0.03487
113.371	0.03487
113.34	0.03487
113.311	0.03485
113.28	0.03485
113.249	0.03485
113.22	0.03485
113.189	0.03486
113.159	0.03484
113.127	0.03487
113.097	0.03487
113.065	0.03485
113.035	0.03483
113.004	0.03485
112.974	0.03482
112.942	0.03483
112.91	0.03484
112.88	0.03482
112.847	0.03484
112.816	0.03482
112.784	0.03482
112.753	0.03485
112.721	0.03482
112.691	0.03481
112.658	0.0348
112.628	0.03479
112.595	0.03482
112.565	0.0348
112.533	0.03479
112.502	0.03481
112.473	0.03479
112.441	0.03481
112.411	0.03481
112.379	0.03478
112.348	0.03479
112.315	0.03481
112.284	0.0348
112.25	0.03481
112.219	0.03479
112.186	0.03478
112.152	0.03481
112.121	0.03481
112.088	0.03481
112.057	0.03479
112.024	0.03479
111.994	0.03477
111.961	0.03479
111.931	0.03478
111.899	0.03479
111.869	0.03477
111.836	0.03477
111.805	0.03475
111.773	0.03477
111.74	0.03476
111.711	0.03476
111.68	0.03476
111.652	0.03474
111.621	0.03476
111.593	0.03475
111.563	0.03474
111.535	0.03476
111.505	0.03474
111.477	0.03475
111.446	0.03475
111.415	0.03474
111.386	0.03475
111.355	0.03475
111.326	0.03476
111.294	0.03475
111.264	0.03473
111.231	0.03472
111.2	0.03474
111.167	0.03474
111.133	0.03472
111.101	0.03474
111.069	0.03473
111.035	0.03474
111.001	0.03474
110.969	0.03472
110.936	0.03473
110.905	0.03471
110.873	0.03471
110.843	0.03471
