254.126	0.03719
253.816	0.03715
253.528	0.03712
253.22	0.03708
252.934	0.03702
252.627	0.03699
252.342	0.03695
252.038	0.03692
251.756	0.03686
251.456	0.03682
251.175	0.03679
250.873	0.03675
250.573	0.03672
250.294	0.03667
249.998	0.03663
249.722	0.03658
249.423	0.03654
249.145	0.03651
248.846	0.03648
248.568	0.03643
248.269	0.0364
247.987	0.03635
247.686	0.03631
247.385	0.03629
247.102	0.03625
246.8	0.0362
246.519	0.03616
246.221	0.03614
245.943	0.03609
245.647	0.03606
245.371	0.03602
245.075	0.03598
244.797	0.03594
244.5	0.03591
244.225	0.03588
243.931	0.03584
243.638	0.03579
243.367	0.03575
243.078	0.03572
242.809	0.03569
242.522	0.03566
242.253	0.03562
241.969	0.03558
241.704	0.03556
241.422	0.03552
241.157	0.03548
240.873	0.03543
240.593	0.03541
240.334	0.03538
240.059	0.03534
239.804	0.03531
239.533	0.03529
239.278	0.03525
239.003	0.0352
238.744	0.03519
238.473	0.03514
238.222	0.03511
237.956	0.03508
237.709	0.03504
237.447	0.035
237.188	0.03498
236.945	0.03494
236.683	0.03491
236.44	0.03488
236.184	0.03485
235.947	0.03482
235.695	0.03478
235.458	0.03475
235.205	0.03471
234.969	0.03469
234.715	0.03466
234.463	0.03463
234.228	0.03461
233.98	0.03456
233.749	0.03453
233.504	0.0345
233.275	0.03447
233.031	0.03444
232.804	0.03442
232.564	0.03439
232.341	0.03435
232.1	0.03434
231.876	0.0343
231.637	0.03426
231.398	0.03424
231.175	0.03421
230.939	0.03418
230.72	0.03414
230.488	0.03412
230.271	0.03409
230.037	0.03405
229.821	0.03404
229.591	0.034
229.375	0.03398
229.145	0.03395
228.919	0.03393
228.708	0.0339
228.482	0.03387
228.271	0.03385
228.048	0.03382
227.84	0.03377
227.619	0.03376
227.413	0.03375
227.194	0.03371
226.987	0.03368
226.763	0.03365
226.543	0.03362
226.341	0.03359
226.126	0.03359
225.922	0.03354
225.707	0.03353
225.51	0.03349
225.299	0.03347
225.1	0.03344
224.887	0.03342
224.691	0.03341
224.482	0.03338
224.273	0.03334
224.078	0.03332
223.865	0.0333
223.668	0.03327
223.456	0.03326
223.262	0.03321
223.055	0.0332
222.866	0.03315
222.663	0.03314
222.475	0.03312
222.274	0.03309
222.087	0.03307
221.888	0.03306
221.691	0.03303
221.509	0.033
221.314	0.03298
221.133	0.03296
220.938	0.03295
220.755	0.03291
220.559	0.0329
220.377	0.03287
220.182	0.03284
220.001	0.03284
219.808	0.0328
219.615	0.03278
219.436	0.03276
219.245	0.03275
219.068	0.03271
218.879	0.0327
218.703	0.03267
218.514	0.03265
218.339	0.03263
218.153	0.0326
217.981	0.03258
217.798	0.03256
217.615	0.03254
217.444	0.03252
217.263	0.03251
217.095	0.03247
216.915	0.03247
216.746	0.03244
216.565	0.03242
216.396	0.0324
216.216	0.03238
216.049	0.03236
215.87	0.03234
215.692	0.03231
215.526	0.0323
215.349	0.03229
215.184	0.03225
215.009	0.03224
214.845	0.03221
214.67	0.03219
214.508	0.03218
214.335	0.03216
214.174	0.03213
214.002	0.03212
213.843	0.03211
213.674	0.03208
213.505	0.03206
213.347	0.03204
213.178	0.03203
213.021	0.03201
212.855	0.03198
212.699	0.03196
212.531	0.03195
212.374	0.03193
212.208	0.03191
212.053	0.0319
211.886	0.03187
211.722	0.03186
211.569	0.03183
211.407	0.03182
211.255	0.03181
211.094	0.03179
210.944	0.03177
210.782	0.03176
210.632	0.03174
210.47	0.03172
210.322	0.0317
210.164	0.03168
210.007	0.03167
209.861	0.03165
209.705	0.03163
209.56	0.03161
209.405	0.0316
209.262	0.03158
209.11	0.03156
208.958	0.03154
208.814	0.03152
208.671	0.03151
208.518	0.03148
208.366	0.03149
208.223	0.03146
208.072	0.03145
207.931	0.03142
207.782	0.03141
207.643	0.0314
207.492	0.03137
207.352	0.03137
207.201	0.03134
207.061	0.03133
206.912	0.03131
206.765	0.0313
206.627	0.03129
206.479	0.03128
206.341	0.03126
206.193	0.03124
206.056	0.03121
205.911	0.0312
205.777	0.03118
205.635	0.03118
205.503	0.03116
205.362	0.03114
205.22	0.03113
205.088	0.03112
204.947	0.0311
204.817	0.03111
204.679	0.03107
204.548	0.03105
204.407	0.03103
204.277	0.03102
204.136	0.03102
204.006	0.031
203.87	0.03098
203.734	0.03097
203.609	0.03096
203.472	0.03094
203.343	0.03093
203.208	0.03091
203.083	0.03089
202.949	0.03088
202.821	0.03088
202.684	0.03085
202.558	0.03083
202.424	0.03082
202.3	0.03082
202.167	0.03082
202.036	0.03078
201.914	0.0308
201.784	0.03075
201.664	0.03076
201.534	0.03073
201.411	0.03071
201.281	0.0307
201.161	0.0307
201.031	0.03069
200.912	0.03067
200.786	0.03067
200.67	0.03065
200.545	0.03064
200.42	0.03061
200.303	0.0306
200.177	0.03059
200.06	0.03057
199.935	0.03057
199.817	0.03055
199.687	0.03055
199.567	0.03052
199.441	0.0305
199.325	0.0305
199.198	0.0305
199.08	0.03049
198.957	0.03048
198.834	0.03045
198.721	0.03044
198.601	0.03043
198.49	0.03041
198.37	0.0304
198.258	0.03039
198.137	0.03038
198.026	0.03038
197.908	0.03035
197.799	0.03034
197.682	0.03032
197.565	0.03031
197.457	0.03031
197.341	0.0303
197.235	0.03028
197.12	0.03028
197.014	0.03026
196.902	0.03026
196.797	0.03025
196.683	0.03022
196.576	0.03022
196.462	0.03021
196.349	0.03019
196.245	0.0302
196.134	0.03017
196.031	0.03017
195.919	0.03015
195.816	0.03014
195.705	0.03013
195.6	0.03013
195.488	0.03012
195.384	0.0301
195.274	0.03008
195.172	0.03007
195.062	0.03006
194.961	0.03005
194.853	0.03005
194.745	0.03004
194.644	0.03002
194.537	0.03002
194.437	0.03001
194.33	0.03001
194.231	0.02999
194.126	0.02998
194.028	0.02997
193.924	0.02997
193.828	0.02997
193.725	0.02995
193.621	0.02994
193.525	0.02993
193.423	0.02992
193.327	0.02991
193.224	0.02989
193.127	0.02989
193.023	0.02988
192.926	0.02986
192.823	0.02985
192.728	0.02985
192.627	0.02985
192.533	0.02983
192.432	0.02982
192.331	0.02981
192.237	0.0298
192.136	0.02981
192.042	0.0298
191.941	0.02978
191.848	0.02977
191.747	0.02977
191.654	0.02976
191.554	0.02972
191.456	0.02974
191.364	0.02972
191.272	0.02972
191.173	0.0297
191.076	0.02969
190.985	0.02969
190.889	0.02969
190.801	0.02968
190.707	0.02967
190.62	0.02965
190.527	0.02964
190.438	0.02964
190.343	0.02962
190.255	0.02962
190.161	0.02961
190.067	0.0296
189.98	0.02961
189.886	0.02957
189.799	0.02957
189.707	0.02957
189.62	0.02955
189.522	0.02955
189.433	0.02955
189.34	0.02953
189.254	0.02953
189.162	0.02952
189.076	0.02951
188.986	0.02953
188.896	0.02948
188.812	0.02948
188.722	0.02948
188.638	0.02947
188.548	0.02947
188.465	0.02946
188.376	0.02945
188.292	0.02945
188.202	0.02943
188.113	0.02942
188.03	0.02941
187.947	0.0294
187.858	0.02941
187.77	0.02939
187.687	0.02937
187.6	0.02937
187.519	0.02936
187.432	0.02936
187.352	0.02936
187.265	0.02934
187.185	0.02932
187.101	0.02933
187.023	0.02932
186.939	0.02933
186.854	0.02931
186.774	0.0293
186.69	0.0293
186.612	0.02928
186.528	0.02929
186.451	0.02927
186.368	0.02927
186.29	0.02926
186.205	0.02924
186.126	0.02923
186.041	0.02923
185.956	0.02922
185.879	0.02922
185.797	0.02921
185.72	0.02921
185.637	0.0292
185.56	0.02919
185.478	0.02918
185.404	0.02918
185.324	0.02917
185.251	0.02916
185.172	0.02916
185.093	0.02915
185.018	0.02915
184.938	0.02914
184.863	0.02913
184.781	0.02913
184.706	0.02911
184.627	0.02911
184.555	0.0291
184.476	0.02908
184.403	0.02909
184.325	0.02907
184.251	0.02909
184.172	0.02906
184.095	0.02904
184.024	0.02906
183.947	0.02906
183.876	0.02905
183.801	0.02903
183.732	0.02903
183.659	0.02902
183.588	0.02902
183.513	0.02901
183.443	0.02901
183.368	0.02899
183.292	0.029
183.221	0.02898
183.145	0.02898
183.076	0.02899
183.002	0.02896
182.933	0.02896
182.859	0.02895
182.791	0.02894
182.719	0.02894
182.65	0.02893
182.577	0.02892
182.509	0.02892
182.437	0.02891
182.364	0.02891
182.295	0.0289
182.221	0.02891
182.152	0.02888
182.077	0.02888
182.009	0.02888
181.936	0.02887
181.868	0.02886
181.795	0.02886
181.722	0.02885
181.655	0.02884
181.584	0.02884
181.518	0.02883
181.448	0.02884
181.383	0.02882
181.311	0.02883
181.244	0.0288
181.172	0.0288
181.101	0.02881
181.036	0.02878
180.97	0.02879
180.901	0.02878
180.831	0.02876
180.768	0.02876
180.7	0.02876
180.637	0.02876
180.57	0.02874
180.506	0.02875
180.438	0.02874
180.373	0.02874
180.304	0.02874
180.241	0.02872
180.173	0.02873
180.109	0.02872
180.04	0.02872
179.972	0.02871
179.91	0.0287
179.843	0.02869
179.78	0.02869
179.711	0.02869
179.648	0.02869
179.58	0.02869
179.518	0.02868
179.453	0.02868
179.393	0.02865
179.328	0.02866
179.262	0.02865
179.2	0.02865
179.132	0.02864
179.07	0.02864
179.003	0.02862
178.941	0.02862
178.875	0.02861
178.814	0.0286
178.75	0.0286
178.69	0.0286
178.626	0.02859
178.567	0.02859
178.504	0.02859
178.44	0.02858
178.382	0.02857
178.319	0.02857
178.259	0.02857
178.196	0.02856
178.135	0.02856
178.072	0.02856
178.013	0.02854
177.947	0.02853
177.888	0.02854
177.825	0.02853
177.761	0.02852
177.701	0.02853
177.637	0.02852
177.58	0.02852
177.519	0.02852
177.462	0.02851
177.4	0.0285
177.343	0.02848
177.281	0.0285
177.224	0.02848
177.162	0.02847
177.101	0.02847
177.044	0.02847
176.985	0.02845
176.929	0.02846
176.87	0.02845
176.814	0.02845
176.752	0.02845
176.695	0.02844
176.632	0.02843
176.569	0.02843
176.511	0.02842
176.451	0.02841
176.395	0.02841
176.337	0.0284
176.283	0.02841
176.224	0.02841
176.168	0.02839
176.109	0.02838
176.054	0.02839
175.997	0.02838
175.943	0.02839
175.885	0.02838
175.829	0.02836
175.77	0.02837
175.711	0.02836
175.655	0.02836
175.594	0.02834
175.538	0.02835
175.478	0.02834
175.423	0.02834
175.364	0.02835
175.31	0.02832
175.252	0.02832
175.198	0.02832
175.141	0.02832
175.083	0.0283
175.029	0.0283
174.972	0.0283
174.918	0.02829
174.86	0.0283
174.807	0.0283
174.749	0.02828
174.696	0.02828
174.639	0.02827
174.584	0.02827
174.524	0.02827
174.465	0.02826
174.411	0.02825
174.352	0.02825
174.296	0.02825
174.237	0.02824
174.183	0.02825
174.128	0.02823
174.075	0.02823
174.02	0.02822
173.969	0.02823
173.915	0.02822
173.865	0.02821
173.809	0.02821
173.753	0.0282
173.702	0.0282
173.648	0.0282
173.598	0.02819
173.544	0.02818
173.493	0.02818
173.437	0.02818
173.386	0.02817
173.33	0.02816
173.279	0.02815
173.225	0.02817
173.175	0.02817
173.122	0.02815
173.071	0.02815
173.017	0.02814
172.962	0.02814
172.913	0.02813
172.861	0.02812
172.812	0.02813
172.76	0.02813
172.711	0.02812
172.655	0.02811
172.603	0.0281
172.548	0.02812
172.495	0.0281
172.437	0.0281
172.383	0.02809
172.333	0.02811
172.28	0.02809
172.232	0.02808
172.18	0.02808
172.132	0.02807
172.082	0.02808
172.036	0.02806
171.986	0.02806
171.939	0.02806
171.889	0.02805
171.843	0.02804
171.794	0.02805
171.744	0.02803
171.698	0.02804
171.649	0.02803
171.602	0.02803
171.552	0.02804
171.505	0.02802
171.453	0.02801
171.404	0.02802
171.353	0.02802
171.305	0.028
171.254	0.02801
171.203	0.028
171.154	0.02799
171.1	0.028
171.051	0.02799
170.999	0.02799
170.949	0.02798
170.896	0.02798
170.848	0.02797
170.797	0.02798
170.75	0.02797
170.7	0.02796
170.655	0.02796
170.607	0.02796
170.559	0.02796
170.513	0.02795
170.464	0.02794
170.417	0.02794
170.368	0.02794
170.321	0.02793
170.271	0.02793
170.225	0.02793
170.175	0.02792
170.131	0.02792
170.083	0.02791
170.037	0.02791
169.986	0.02789
169.935	0.0279
169.89	0.0279
169.841	0.02789
169.796	0.02788
169.747	0.0279
169.703	0.02789
169.655	0.02788
169.612	0.02788
169.565	0.02788
169.522	0.02788
169.475	0.02787
169.427	0.02785
169.383	0.02786
169.335	0.02785
169.291	0.02783
169.244	0.02785
169.201	0.02783
169.154	0.02785
169.11	0.02784
169.064	0.02784
169.02	0.02783
168.971	0.02782
168.928	0.02781
168.881	0.02782
168.834	0.02782
168.79	0.02781
168.742	0.0278
168.699	0.02779
168.653	0.0278
168.611	0.0278
168.566	0.0278
168.522	0.02779
168.474	0.02779
168.429	0.02779
168.382	0.02778
168.337	0.02778
168.289	0.02777
168.241	0.02777
168.197	0.02776
168.152	0.02775
168.11	0.02776
168.066	0.02775
168.024	0.02776
167.98	0.02775
167.939	0.02775
167.896	0.02775
167.855	0.02774
167.81	0.02773
167.766	0.02774
167.724	0.02773
167.68	0.02772
167.637	0.02772
167.591	0.02773
167.549	0.02772
167.504	0.02772
167.461	0.02771
167.415	0.02771
167.373	0.02771
167.326	0.02768
167.283	0.02769
167.238	0.02768
167.192	0.02767
167.149	0.02769
167.103	0.02768
167.061	0.02769
167.018	0.02767
166.978	0.02768
166.935	0.02768
166.894	0.02768
166.85	0.02766
166.807	0.02766
166.762	0.02766
166.72	0.02765
166.676	0.02765
166.63	0.02763
166.588	0.02764
166.543	0.02765
166.5	0.02765
166.455	0.02763
166.414	0.02764
166.37	0.02764
166.329	0.02763
166.284	0.02762
166.242	0.02762
166.195	0.02761
166.152	0.02761
166.106	0.02762
166.06	0.02761
166.018	0.0276
165.974	0.02761
165.934	0.0276
165.89	0.02759
165.849	0.0276
165.803	0.02758
165.759	0.02759
165.713	0.02757
165.671	0.02757
165.626	0.02759
165.58	0.02758
165.538	0.02757
165.494	0.02756
165.453	0.02756
165.411	0.02756
165.372	0.02757
165.331	0.02755
165.292	0.02755
165.248	0.02754
165.207	0.02754
165.164	0.02755
165.126	0.02754
165.085	0.02754
165.045	0.02752
165.007	0.02752
164.966	0.02752
164.928	0.02753
164.884	0.02752
164.843	0.02751
164.798	0.02752
164.756	0.0275
164.713	0.02751
164.671	0.02752
164.628	0.02751
164.585	0.0275
164.547	0.02748
164.504	0.02749
164.464	0.02748
164.421	0.02748
164.379	0.02747
164.336	0.02746
164.296	0.02748
164.252	0.02748
164.211	0.02746
164.168	0.02746
164.128	0.02745
164.086	0.02747
164.044	0.02746
164.006	0.02745
163.964	0.02745
163.926	0.02745
163.884	0.02744
163.845	0.02744
163.804	0.02744
163.767	0.02743
163.726	0.02743
163.687	0.02743
163.645	0.02743
163.607	0.02742
163.567	0.02742
163.525	0.02741
163.487	0.02741
163.445	0.02741
163.407	0.0274
163.365	0.0274
163.327	0.02739
163.288	0.0274
163.251	0.0274
163.212	0.02739
163.176	0.02739
163.137	0.02739
163.097	0.02738
163.059	0.02738
163.017	0.02737
162.976	0.02737
162.932	0.02736
162.892	0.02736
162.851	0.02736
162.813	0.02736
162.77	0.02737
162.728	0.02735
162.683	0.02737
162.642	0.02735
162.597	0.02735
162.554	0.02734
162.516	0.02734
162.476	0.02733
162.44	0.02734
162.401	0.02734
162.364	0.02734
162.325	0.02733
162.289	0.02733
162.25	0.02733
162.213	0.02732
162.173	0.02732
162.137	0.02731
162.099	0.02731
162.06	0.02731
162.023	0.02731
161.982	0.0273
161.941	0.0273
161.897	0.0273
161.858	0.02729
161.817	0.02729
161.778	0.02729
161.736	0.02729
161.698	0.02728
161.659	0.02728
161.62	0.02727
161.586	0.02728
161.548	0.02727
161.511	0.02727
161.471	0.02727
161.434	0.02725
161.394	0.02726
161.358	0.02726
161.319	0.02727
161.282	0.02723
161.242	0.02725
161.204	0.02725
161.164	0.02726
161.125	0.02724
161.089	0.02724
161.049	0.02724
161.011	0.02724
160.968	0.02724
160.928	0.02723
160.886	0.02722
160.848	0.02723
160.808	0.02721
160.77	0.02722
160.729	0.02722
160.69	0.02721
160.647	0.02721
160.606	0.02721
160.566	0.0272
160.524	0.02721
160.485	0.0272
160.444	0.0272
160.408	0.02719
160.369	0.02719
160.334	0.0272
160.297	0.02718
160.263	0.02718
160.226	0.02719
160.189	0.02717
160.155	0.02719
160.117	0.02718
160.082	0.02717
160.042	0.02717
160.006	0.02716
159.968	0.02716
159.934	0.02717
159.897	0.02716
159.861	0.02716
159.822	0.02715
159.786	0.02715
159.748	0.02715
159.709	0.02714
159.674	0.02715
159.635	0.02715
159.599	0.02713
159.56	0.02715
159.525	0.02714
159.487	0.02712
159.449	0.02714
159.409	0.02712
159.373	0.02711
159.334	0.02712
159.299	0.02711
159.261	0.02712
159.222	0.02711
159.185	0.02711
159.147	0.02711
159.112	0.0271
159.074	0.02711
159.039	0.0271
159.002	0.0271
158.967	0.02709
158.931	0.0271
158.899	0.02708
158.863	0.0271
158.827	0.02708
158.793	0.02708
158.756	0.02708
158.719	0.02707
158.679	0.02706
158.642	0.02706
158.603	0.02708
158.567	0.02706
158.529	0.02707
158.493	0.02707
158.454	0.02707
158.418	0.02705
158.383	0.02706
158.348	0.02705
158.315	0.02704
158.28	0.02704
158.247	0.02705
158.21	0.02704
158.175	0.02704
158.138	0.02704
158.103	0.02703
158.065	0.02703
158.03	0.02704
157.993	0.02703
157.959	0.02702
157.923	0.02702
157.887	0.02701
157.853	0.02702
157.818	0.02703
157.783	0.02702
157.744	0.02701
157.707	0.02699
157.667	0.027
157.631	0.027
157.594	0.027
157.56	0.02699
157.525	0.027
157.49	0.027
157.456	0.027
157.421	0.02699
157.388	0.02698
157.352	0.02698
157.318	0.02698
157.282	0.02698
157.249	0.02698
157.214	0.02698
157.18	0.02697
157.144	0.02697
157.111	0.02697
157.075	0.02697
157.038	0.02698
157.005	0.02695
156.97	0.02697
156.937	0.02695
156.901	0.02696
156.866	0.02695
156.829	0.02694
156.793	0.02694
156.751	0.02695
156.711	0.02694
156.669	0.02694
156.628	0.02695
156.593	0.02694
156.557	0.02695
156.523	0.02692
156.486	0.02692
156.451	0.02692
156.414	0.02691
156.38	0.02693
156.343	0.02692
156.309	0.02692
156.272	0.02692
156.238	0.0269
156.202	0.0269
156.167	0.0269
156.135	0.0269
156.1	0.0269
156.068	0.0269
156.034	0.0269
156.003	0.0269
155.968	0.02689
155.936	0.02689
155.901	0.02688
155.868	0.02689
155.831	0.02688
155.796	0.02688
155.757	0.02687
155.72	0.02688
155.685	0.02688
155.648	0.02688
155.615	0.02688
155.578	0.02687
155.544	0.02686
155.508	0.02686
155.472	0.02685
155.432	0.02686
155.395	0.02686
155.356	0.02685
155.318	0.02685
155.282	0.02684
155.244	0.02685
155.21	0.02684
155.173	0.02686
155.14	0.02684
155.104	0.02683
155.069	0.02683
155.034	0.02683
155.001	0.02682
154.965	0.02683
154.932	0.02682
154.896	0.02683
154.86	0.02682
154.827	0.02681
154.793	0.02681
154.761	0.02682
154.726	0.02681
154.695	0.0268
154.661	0.0268
154.629	0.02682
154.596	0.0268
154.565	0.02679
154.531	0.02679
154.5	0.0268
154.464	0.02679
154.427	0.02678
154.392	0.0268
154.356	0.0268
154.321	0.02678
154.283	0.02678
154.247	0.02678
154.208	0.02678
154.172	0.02679
154.134	0.02678
154.098	0.02678
154.059	0.02677
154.021	0.02677
153.986	0.02676
153.948	0.02677
153.913	0.02676
153.875	0.02675
153.84	0.02674
153.804	0.02675
153.769	0.02675
153.732	0.02674
153.698	0.02674
153.662	0.02675
153.629	0.02675
153.594	0.02673
153.557	0.02673
153.523	0.02674
153.486	0.02674
153.452	0.02674
153.415	0.02673
153.381	0.02673
153.344	0.02673
153.31	0.02672
153.275	0.02672
153.241	0.02672
153.205	0.02672
153.171	0.02673
153.135	0.02673
153.099	0.02672
153.065	0.02671
153.029	0.02671
152.996	0.02671
152.961	0.0267
152.929	0.02671
152.897	0.02669
152.867	0.02669
152.835	0.02669
152.806	0.0267
152.774	0.02668
152.741	0.02669
152.709	0.02668
152.673	0.02668
152.639	0.02669
152.603	0.02667
152.568	0.02669
152.532	0.02667
152.5	0.02667
152.464	0.02667
152.429	0.02667
152.39	0.02666
152.354	0.02666
152.317	0.02667
152.28	0.02666
152.247	0.02667
152.21	0.02666
152.178	0.02667
152.143	0.02665
152.111	0.02665
152.074	0.02665
152.038	0.02665
151.999	0.02666
151.962	0.02665
151.923	0.02664
151.886	0.02664
151.846	0.02664
151.808	0.02664
151.775	0.02665
151.739	0.02663
151.707	0.02663
151.673	0.02664
151.643	0.02664
151.608	0.02664
151.575	0.02664
151.534	0.02662
151.499	0.02662
151.463	0.02663
151.43	0.02661
151.4	0.02662
151.366	0.02663
151.334	0.02661
151.3	0.02662
151.268	0.02661
151.233	0.0266
151.201	0.02659
151.164	0.0266
151.127	0.0266
151.088	0.0266
151.05	0.0266
151.015	0.02659
150.977	0.0266
150.94	0.0266
150.9	0.02658
150.866	0.02659
150.83	0.02658
150.797	0.02658
150.764	0.02659
150.734	0.02657
150.704	0.02659
150.674	0.02656
150.642	0.02656
150.611	0.02658
150.581	0.02658
150.547	0.02658
150.516	0.02657
150.483	0.02657
150.453	0.02656
150.421	0.02656
150.391	0.02656
150.359	0.02656
150.328	0.02656
150.295	0.02656
150.263	0.02656
150.233	0.02656
150.199	0.02653
150.168	0.02655
150.133	0.02655
150.1	0.02655
150.062	0.02653
150.028	0.02654
149.992	0.02654
149.958	0.02655
149.922	0.02652
149.888	0.02652
149.853	0.02654
149.817	0.02653
149.783	0.02654
149.745	0.02652
149.709	0.02652
149.672	0.02653
149.638	0.02651
149.602	0.02651
149.571	0.02651
149.539	0.02651
149.509	0.02651
149.476	0.02652
149.445	0.0265
149.415	0.02651
149.382	0.0265
149.349	0.0265
149.313	0.0265
149.277	0.0265
149.238	0.0265
149.203	0.02651
149.166	0.02649
149.132	0.02648
149.097	0.02648
149.06	0.02648
149.02	0.02649
148.984	0.02649
148.953	0.02647
148.921	0.02648
148.892	0.02647
148.859	0.02646
148.828	0.02646
148.795	0.02646
148.764	0.02647
148.732	0.02647
148.703	0.02647
148.67	0.02647
148.636	0.02646
148.604	0.02646
148.568	0.02645
148.535	0.02645
148.501	0.02645
148.47	0.02644
148.434	0.02646
148.399	0.02644
148.369	0.02644
148.34	0.02645
148.308	0.02642
148.275	0.02645
148.244	0.02643
148.21	0.02644
148.178	0.02642
148.143	0.02642
148.111	0.02643
148.076	0.02641
148.044	0.02643
148.011	0.02642
147.979	0.02642
147.945	0.02641
147.912	0.02642
147.874	0.02642
147.835	0.02642
147.797	0.02641
147.758	0.02642
147.725	0.02641
147.69	0.02641
147.658	0.02642
147.625	0.0264
147.595	0.02641
147.564	0.02639
147.535	0.0264
147.504	0.02639
147.472	0.02639
147.442	0.02638
147.408	0.02639
147.374	0.0264
147.339	0.02638
147.306	0.02639
147.273	0.02638
147.241	0.02638
147.208	0.02638
147.173	0.02637
147.139	0.02639
147.104	0.02636
147.065	0.02637
147.025	0.02638
146.988	0.02637
146.947	0.02637
146.91	0.02636
146.87	0.02636
146.833	0.02635
146.795	0.02636
146.76	0.02634
146.724	0.02635
146.689	0.02634
146.65	0.02635
146.613	0.02635
146.579	0.02634
146.544	0.02635
146.513	0.02634
146.481	0.02634
146.451	0.02634
146.42	0.02633
146.389	0.02633
146.356	0.02632
146.325	0.02634
146.292	0.02633
146.259	0.02632
146.228	0.02632
146.193	0.02633
146.16	0.02632
146.126	0.02631
146.096	0.02631
146.063	0.02631
146.033	0.02631
145.999	0.0263
145.965	0.02633
145.928	0.02631
145.893	0.02631
145.861	0.02629
145.825	0.02631
145.792	0.0263
145.757	0.0263
145.727	0.0263
145.695	0.02628
145.666	0.0263
145.635	0.02629
145.607	0.02628
145.576	0.02629
145.546	0.02629
145.515	0.02628
145.482	0.02628
145.45	0.02628
145.415	0.02627
145.383	0.02627
145.349	0.02627
145.315	0.02627
145.277	0.02627
145.24	0.02627
145.203	0.02626
145.17	0.02627
145.136	0.02627
145.101	0.02626
145.064	0.02627
145.025	0.02626
144.991	0.02626
144.954	0.02626
144.92	0.02624
144.885	0.02624
144.854	0.02624
144.821	0.02624
144.791	0.02623
144.759	0.02625
144.73	0.02625
144.699	0.02624
144.671	0.02625
144.641	0.02622
144.61	0.02623
144.58	0.02622
144.546	0.02624
144.514	0.02623
144.482	0.02622
144.451	0.02623
144.419	0.02622
144.387	0.02623
144.355	0.02622
144.323	0.02622
144.291	0.02622
144.261	0.02621
144.226	0.02622
144.193	0.02622
144.155	0.0262
144.117	0.02621
144.08	0.02619
144.041	0.02621
144.005	0.02621
143.969	0.0262
143.936	0.02619
143.9	0.02619
143.867	0.02619
143.833	0.0262
143.8	0.0262
143.762	0.02619
143.724	0.02619
143.69	0.02617
143.653	0.02617
143.619	0.02619
143.582	0.02617
143.548	0.02619
143.511	0.02619
143.476	0.02618
143.439	0.02616
143.402	0.02617
143.361	0.02617
143.322	0.02617
143.283	0.02617
143.245	0.02616
143.208	0.02616
143.17	0.02615
143.136	0.02616
143.101	0.02616
143.071	0.02614
143.039	0.02616
143.009	0.02614
142.976	0.02616
142.945	0.02614
142.912	0.02614
142.881	0.02614
142.848	0.02614
142.815	0.02613
142.784	0.02614
142.75	0.02612
142.718	0.02615
142.683	0.02614
142.649	0.02612
142.614	0.02613
142.581	0.02612
142.547	0.02613
142.516	0.02613
142.484	0.02612
142.451	0.02612
142.42	0.02612
142.386	0.02611
142.355	0.02612
142.322	0.0261
142.291	0.02612
142.257	0.0261
142.226	0.02611
142.192	0.02611
142.16	0.02611
142.123	0.0261
142.089	0.02611
142.053	0.02609
142.018	0.02609
141.986	0.02609
141.952	0.02609
141.92	0.02608
141.886	0.02609
141.851	0.02609
141.814	0.02608
141.78	0.02609
141.745	0.02607
141.713	0.02607
141.679	0.02608
141.645	0.02606
141.612	0.02608
141.573	0.02608
141.537	0.02608
141.499	0.02607
141.466	0.02606
141.429	0.02608
141.397	0.02607
141.362	0.02605
141.331	0.02606
141.296	0.02606
141.263	0.02605
141.228	0.02605
141.195	0.02605
141.164	0.02605
141.132	0.02605
141.102	0.02605
141.067	0.02605
141.034	0.02605
140.999	0.02604
140.964	0.02603
140.932	0.02604
140.9	0.02604
140.865	0.02604
140.831	0.02603
140.793	0.02603
140.756	0.02603
140.72	0.02603
140.682	0.02602
140.648	0.02603
140.615	0.02604
140.582	0.02603
140.545	0.02602
140.511	0.02601
140.475	0.026
140.44	0.02602
140.405	0.026
140.371	0.02601
140.339	0.02601
140.304	0.02601
140.27	0.02599
140.233	0.02599
140.2	0.026
140.167	0.026
140.137	0.026
140.107	0.026
140.08	0.02599
140.051	0.026
140.023	0.02599
139.99	0.02599
139.954	0.02599
139.922	0.02599
139.889	0.02599
139.857	0.02599
139.821	0.02598
139.788	0.02599
139.753	0.02598
139.722	0.02597
139.687	0.02597
139.656	0.02596
139.622	0.02597
139.59	0.02597
139.555	0.02596
139.521	0.02597
139.49	0.02596
139.459	0.02596
139.431	0.02596
139.4	0.02595
139.371	0.02596
139.341	0.02596
139.315	0.02595
139.286	0.02595
139.259	0.02595
139.229	0.02594
139.197	0.02595
139.163	0.02595
139.126	0.02595
139.092	0.02593
139.057	0.02594
139.025	0.02594
138.991	0.02594
138.959	0.02594
138.926	0.02593
138.894	0.02593
138.858	0.02593
138.822	0.02593
138.783	0.02593
138.747	0.02593
138.713	0.02591
138.675	0.02592
138.641	0.0259
138.604	0.02593
138.569	0.02591
138.532	0.02591
138.498	0.02591
138.46	0.02591
138.423	0.02592
138.384	0.02591
138.351	0.0259
138.318	0.02591
138.283	0.02591
138.251	0.0259
138.215	0.02588
138.179	0.0259
138.143	0.0259
138.11	0.0259
138.075	0.02589
138.041	0.0259
138.007	0.0259
137.976	0.02589
137.942	0.02589
137.91	0.02588
137.879	0.02589
137.847	0.02588
137.818	0.02589
137.786	0.02588
137.755	0.02587
137.723	0.02587
137.691	0.02587
137.659	0.02587
137.629	0.02586
137.596	0.02587
137.564	0.02586
137.53	0.02586
137.495	0.02587
137.458	0.02586
137.421	0.02587
137.387	0.02585
137.351	0.02586
137.316	0.02585
137.278	0.02586
137.244	0.02585
137.21	0.02585
137.181	0.02584
137.149	0.02585
137.121	0.02585
137.091	0.02584
137.064	0.02584
137.035	0.02583
137.007	0.02584
136.982	0.02583
136.954	0.02584
136.925	0.02585
136.891	0.02583
136.859	0.02582
136.824	0.02583
136.792	0.02583
136.757	0.02582
136.72	0.02583
136.683	0.02582
136.647	0.02583
136.612	0.02582
136.577	0.02582
136.543	0.02582
136.51	0.02581
136.481	0.02581
136.451	0.02581
136.424	0.02581
136.393	0.02581
136.363	0.02582
136.33	0.02581
136.299	0.02579
136.265	0.02581
136.233	0.02579
136.2	0.02579
136.167	0.02579
136.138	0.02581
136.104	0.0258
136.072	0.0258
136.039	0.02579
136.009	0.02579
135.976	0.02578
135.943	0.02579
135.905	0.02579
135.87	0.02578
135.833	0.02578
135.799	0.02578
135.769	0.02578
135.738	0.02577
135.707	0.02579
135.676	0.02577
135.648	0.02577
135.619	0.02578
135.59	0.02576
135.558	0.02577
135.528	0.02577
135.495	0.02576
135.464	0.02576
135.43	0.02577
135.398	0.02576
135.367	0.02575
135.333	0.02576
135.3	0.02576
135.264	0.02575
135.232	0.02576
135.199	0.02575
135.168	0.02577
135.135	0.02575
135.104	0.02574
135.068	0.02575
135.033	0.02574
135	0.02573
134.962	0.02575
134.926	0.02573
134.884	0.02574
134.848	0.02573
134.807	0.02572
134.77	0.02573
134.734	0.02572
134.703	0.02574
134.669	0.02573
134.637	0.02572
134.601	0.02573
134.565	0.02571
134.534	0.02571
134.501	0.02571
134.471	0.02571
134.439	0.0257
134.41	0.02571
134.379	0.02571
134.349	0.0257
134.319	0.02571
134.29	0.0257
134.258	0.02571
134.228	0.02569
134.195	0.0257
134.164	0.02571
134.136	0.02571
134.103	0.0257
134.072	0.02569
134.038	0.0257
134.006	0.02569
133.971	0.0257
133.942	0.02568
133.909	0.02569
133.881	0.02569
133.853	0.02569
133.825	0.02568
133.799	0.02568
133.767	0.02569
133.738	0.02566
133.703	0.02567
133.668	0.02567
133.628	0.02567
133.591	0.02567
133.553	0.02567
133.519	0.02569
133.483	0.02566
133.45	0.02568
133.418	0.02566
133.385	0.02567
133.356	0.02567
133.325	0.02566
133.296	0.02567
133.264	0.02566
133.236	0.02566
133.206	0.02566
133.176	0.02564
133.149	0.02566
133.121	0.02566
133.09	0.02565
133.059	0.02564
133.025	0.02565
132.991	0.02563
132.961	0.02564
132.929	0.02563
132.898	0.02564
132.866	0.02563
132.834	0.02563
132.798	0.02563
132.764	0.02563
132.728	0.02564
132.695	0.02562
132.662	0.02564
132.631	0.02563
132.601	0.02562
132.571	0.02562
132.543	0.02563
132.512	0.02561
132.482	0.02563
132.45	0.02562
132.419	0.02561
132.387	0.0256
132.357	0.02561
132.325	0.02562
132.296	0.0256
132.264	0.02561
132.232	0.0256
132.201	0.02561
132.167	0.0256
132.134	0.02561
132.095	0.02561
132.058	0.0256
132.02	0.0256
131.986	0.02559
131.952	0.0256
131.921	0.0256
131.885	0.02559
131.852	0.02559
131.816	0.02558
131.783	0.02559
131.753	0.02559
131.722	0.02558
131.69	0.02559
131.655	0.02558
131.623	0.02559
131.589	0.02559
131.557	0.02557
131.524	0.02558
131.493	0.02558
131.461	0.02557
131.432	0.02558
131.399	0.02556
131.364	0.02557
131.331	0.02557
131.297	0.02557
131.265	0.02556
131.232	0.02556
131.202	0.02556
131.171	0.02556
131.142	0.02556
131.111	0.02555
131.081	0.02556
131.047	0.02555
131.014	0.02556
130.98	0.02554
130.946	0.02555
130.915	0.02556
130.881	0.02554
130.849	0.02556
130.812	0.02554
130.777	0.02554
130.738	0.02554
130.7	0.02554
130.66	0.02553
130.624	0.02554
130.584	0.02554
130.548	0.02552
130.512	0.02553
130.476	0.02552
130.445	0.02553
130.414	0.02552
130.386	0.02553
130.357	0.02553
130.329	0.02554
130.297	0.02552
130.266	0.02552
130.23	0.02553
130.195	0.02551
130.163	0.02552
130.131	0.02551
130.097	0.0255
130.061	0.02551
130.028	0.0255
129.993	0.02551
129.961	0.0255
129.926	0.02551
129.894	0.02551
129.858	0.02551
129.823	0.02549
129.788	0.0255
129.754	0.02549
129.718	0.02549
129.681	0.02549
129.643	0.0255
129.609	0.02549
129.577	0.02548
129.543	0.02549
129.511	0.02549
129.477	0.02548
129.445	0.02549
129.412	0.02548
129.382	0.02549
129.351	0.02547
129.32	0.02548
129.285	0.02548
129.249	0.02547
129.216	0.02548
129.181	0.02546
129.15	0.02548
129.117	0.02547
129.083	0.02547
129.044	0.02546
129.011	0.02546
128.977	0.02547
128.941	0.02546
128.909	0.02546
128.877	0.02546
128.844	0.02546
128.81	0.02547
128.776	0.02546
128.74	0.02546
128.704	0.02546
128.666	0.02545
128.633	0.02545
128.601	0.02545
128.568	0.02545
128.53	0.02544
128.496	0.02544
128.461	0.02544
128.43	0.02544
128.397	0.02545
128.363	0.02545
128.331	0.02543
128.297	0.02545
128.267	0.02542
128.237	0.02543
128.208	0.02544
128.175	0.02543
128.145	0.02542
128.112	0.02542
128.081	0.02542
128.048	0.02543
128.018	0.02541
127.986	0.02542
127.954	0.02543
127.926	0.02542
127.895	0.02542
127.861	0.02543
127.823	0.02541
127.789	0.02541
127.754	0.02541
127.72	0.02542
127.689	0.02541
127.657	0.0254
127.624	0.02541
127.591	0.0254
127.559	0.02539
127.526	0.0254
127.496	0.02539
127.461	0.0254
127.43	0.0254
127.394	0.02539
127.361	0.02539
127.322	0.02539
127.288	0.02539
127.253	0.02539
127.22	0.02539
127.186	0.02538
127.15	0.02538
127.118	0.02539
127.082	0.02538
127.051	0.02538
127.018	0.02537
126.984	0.02537
126.949	0.02538
126.917	0.02538
126.885	0.02537
126.857	0.02537
126.827	0.02537
126.795	0.02536
126.766	0.02537
126.734	0.02536
126.707	0.02536
126.675	0.02537
126.645	0.02536
126.612	0.02536
126.58	0.02536
126.545	0.02536
126.512	0.02537
126.477	0.02536
126.442	0.02534
126.406	0.02535
126.372	0.02535
126.341	0.02536
126.306	0.02535
126.275	0.02534
126.243	0.02535
126.211	0.02534
126.175	0.02535
126.143	0.02534
126.109	0.02535
126.075	0.02534
126.039	0.02534
126.007	0.02534
125.973	0.02534
125.939	0.02533
125.906	0.02532
125.873	0.02533
125.844	0.02533
125.814	0.02534
125.784	0.02532
125.752	0.02532
125.722	0.02533
125.686	0.02533
125.651	0.02532
125.613	0.02533
125.577	0.02532
125.544	0.02532
125.505	0.02532
125.469	0.02532
125.435	0.02532
125.405	0.0253
125.372	0.0253
125.34	0.02531
125.308	0.02531
125.276	0.02531
125.241	0.02529
125.207	0.02529
125.171	0.02531
125.138	0.02531
125.108	0.0253
125.076	0.0253
125.043	0.02529
125.008	0.02529
124.976	0.02529
124.941	0.02529
124.907	0.02528
124.871	0.02529
124.835	0.0253
124.796	0.02529
124.761	0.02527
124.726	0.02528
124.694	0.02528
124.664	0.02528
124.631	0.02527
124.599	0.02526
124.566	0.02528
124.534	0.02529
124.495	0.02527
124.456	0.02527
124.418	0.02528
124.383	0.02527
124.348	0.02526
124.317	0.02526
124.285	0.02527
124.254	0.02526
124.225	0.02525
124.192	0.02526
124.161	0.02526
124.126	0.02526
124.092	0.02525
124.057	0.02525
124.025	0.02526
123.987	0.02526
123.953	0.02525
123.917	0.02524
123.882	0.02523
123.85	0.02524
123.816	0.02524
123.782	0.02523
123.744	0.02525
123.708	0.02525
123.671	0.02524
123.636	0.02524
123.598	0.02525
123.561	0.02524
123.524	0.02523
123.49	0.02524
123.459	0.02523
123.428	0.02522
123.397	0.02522
123.364	0.02523
123.335	0.02523
123.302	0.02522
123.274	0.02522
123.243	0.02523
123.212	0.02522
123.18	0.02521
123.15	0.02523
123.116	0.02522
123.078	0.02522
123.042	0.02522
123.005	0.02521
122.972	0.02522
122.937	0.02522
122.904	0.02521
122.869	0.0252
122.837	0.02521
122.802	0.02522
122.77	0.02521
122.736	0.0252
122.702	0.02521
122.668	0.0252
122.635	0.0252
122.603	0.0252
122.572	0.02519
122.541	0.02521
122.507	0.02519
122.474	0.02519
122.438	0.0252
122.403	0.02519
122.368	0.02518
122.337	0.02518
122.301	0.0252
122.263	0.02519
122.23	0.02518
122.196	0.02518
122.164	0.02518
122.133	0.02518
122.106	0.02516
122.076	0.02518
122.047	0.02517
122.016	0.02517
121.988	0.02518
121.959	0.02518
121.93	0.02517
121.901	0.02516
121.869	0.02517
121.838	0.02516
121.804	0.02517
121.77	0.02517
121.733	0.02516
121.701	0.02516
121.665	0.02516
121.631	0.02515
121.594	0.02515
121.561	0.02515
121.526	0.02515
121.492	0.02516
121.46	0.02515
121.428	0.02515
121.397	0.02515
121.362	0.02514
121.33	0.02514
121.297	0.02515
121.268	0.02515
121.238	0.02513
121.209	0.02515
121.179	0.02514
121.152	0.02513
121.124	0.02514
121.094	0.02513
121.064	0.02513
121.028	0.02514
120.993	0.02512
120.957	0.02513
120.922	0.02513
120.888	0.02512
120.856	0.02513
120.819	0.02512
120.783	0.02513
120.745	0.02512
120.708	0.02512
120.672	0.02511
120.635	0.02511
120.598	0.02511
120.561	0.02512
120.527	0.02511
120.489	0.02512
120.454	0.0251
120.42	0.02511
120.391	0.0251
120.362	0.02511
120.334	0.0251
120.299	0.02511
120.264	0.0251
120.233	0.02511
120.199	0.0251
120.167	0.0251
120.134	0.0251
120.103	0.0251
120.07	0.0251
120.035	0.02509
119.998	0.02509
119.964	0.02509
119.93	0.02509
119.896	0.0251
119.862	0.02508
119.823	0.0251
119.787	0.02509
119.752	0.02508
119.718	0.02509
119.684	0.02509
119.65	0.02508
119.612	0.02508
119.576	0.02507
119.538	0.02507
119.505	0.02507
119.474	0.02508
119.444	0.02507
119.414	0.02507
119.381	0.02508
119.35	0.02507
119.317	0.02506
119.286	0.02507
119.254	0.02506
119.225	0.02508
119.193	0.02505
119.164	0.02506
119.132	0.02507
119.098	0.02506
119.066	0.02506
119.034	0.02505
119.006	0.02507
118.976	0.02506
118.949	0.02506
118.921	0.02506
118.894	0.02506
118.865	0.02505
118.838	0.02505
118.807	0.02505
118.772	0.02504
118.734	0.02505
118.698	0.02504
118.662	0.02506
118.623	0.02504
118.586	0.02503
118.548	0.02504
118.514	0.02504
118.479	0.02503
118.444	0.02503
118.405	0.02503
118.368	0.02503
118.329	0.02503
118.292	0.02503
118.254	0.02502
118.218	0.02502
118.186	0.02502
118.155	0.02503
118.124	0.02501
118.093	0.02502
118.065	0.02501
118.032	0.02503
118.001	0.02502
117.967	0.02501
117.938	0.02501
117.905	0.02501
117.871	0.02502
117.84	0.02502
117.807	0.025
117.776	0.02501
117.739	0.02501
117.703	0.02501
117.665	0.025
117.63	0.02499
117.591	0.02501
117.559	0.02501
117.525	0.02499
117.493	0.02499
117.459	0.025
117.426	0.02499
117.398	0.02499
117.368	0.02501
117.339	0.02499
117.309	0.02499
117.281	0.02497
117.251	0.02498
117.223	0.02499
117.192	0.02498
117.163	0.02498
117.13	0.02499
117.1	0.02498
117.064	0.02497
117.026	0.02497
116.991	0.02497
116.956	0.02498
116.925	0.02497
116.889	0.02497
116.853	0.02498
116.814	0.02498
116.78	0.02498
116.745	0.02497
116.712	0.02496
116.677	0.02497
116.639	0.02498
116.601	0.02497
116.562	0.02496
116.526	0.02497
116.491	0.02496
116.46	0.02495
116.427	0.02495
116.397	0.02495
116.365	0.02495
116.335	0.02494
116.3	0.02496
116.268	0.02495
116.233	0.02494
116.198	0.02494
116.164	0.02494
116.131	0.02496
116.097	0.02495
116.061	0.02495
116.027	0.02496
115.991	0.02493
115.959	0.02493
115.925	0.02494
115.893	0.02493
115.859	0.02494
115.826	0.02493
115.787	0.02493
115.75	0.02494
115.715	0.02493
115.68	0.02493
115.648	0.02493
115.615	0.02492
115.584	0.02493
115.549	0.02493
115.517	0.02492
115.483	0.02491
115.45	0.02493
115.416	0.02492
115.383	0.02491
115.353	0.02492
115.32	0.02491
115.289	0.02491
115.255	0.02491
115.224	0.02491
115.19	0.0249
115.156	0.02491
115.119	0.02491
115.083	0.02492
115.042	0.0249
115.001	0.0249
114.965	0.02491
114.928	0.0249
114.897	0.0249
114.864	0.0249
114.83	0.0249
114.794	0.0249
114.76	0.0249
114.724	0.0249
114.691	0.0249
114.657	0.02489
114.625	0.02489
114.59	0.02488
114.557	0.0249
114.528	0.02488
114.495	0.02488
114.466	0.02489
114.434	0.02489
114.404	0.02489
114.374	0.02488
114.348	0.02488
114.321	0.02487
114.292	0.02487
114.259	0.02488
114.228	0.02487
114.197	0.02487
114.165	0.02487
114.135	0.02488
114.101	0.02486
114.069	0.02486
114.035	0.02487
113.999	0.02487
113.964	0.02486
113.934	0.02486
113.902	0.02487
113.872	0.02487
113.839	0.02486
113.804	0.02485
113.768	0.02485
113.731	0.02485
113.699	0.02487
113.663	0.02485
113.631	0.02485
113.596	0.02484
113.558	0.02485
113.518	0.02484
113.479	0.02485
113.445	0.02484
113.411	0.02484
113.378	0.02484
113.342	0.02485
113.306	0.02483
113.268	0.02484
113.235	0.02484
113.199	0.02483
113.165	0.02484
113.13	0.02483
113.098	0.02482
113.065	0.02483
113.031	0.02482
113.002	0.02482
112.971	0.02483
112.941	0.02483
112.905	0.02482
112.872	0.02482
112.837	0.02481
112.803	0.02483
112.768	0.02482
112.736	0.02483
112.703	0.02482
112.673	0.02482
112.647	0.02483
112.619	0.02482
112.59	0.02482
112.558	0.02481
112.527	0.02481
112.492	0.02481
112.46	0.0248
112.427	0.02481
112.397	0.0248
112.362	0.02481
112.326	0.02481
112.285	0.02481
112.246	0.0248
112.212	0.02479
112.177	0.02479
112.145	0.0248
112.11	0.0248
112.078	0.02479
112.044	0.0248
112.011	0.0248
111.977	0.02479
111.946	0.02479
111.912	0.02477
111.878	0.02479
111.847	0.02479
111.811	0.02479
111.778	0.02479
111.741	0.0248
111.707	0.02478
111.671	0.02478
111.638	0.02479
111.602	0.02478
111.569	0.02479
111.532	0.02477
111.497	0.02478
111.46	0.02477
111.423	0.02477
111.385	0.02477
111.347	0.02477
111.314	0.02477
111.28	0.02476
111.249	0.02477
111.215	0.02476
111.18	0.02476
111.147	0.02476
111.113	0.02476
111.073	0.02475
111.034	0.02476
110.999	0.02475
110.961	0.02476
110.924	0.02475
110.89	0.02474
110.862	0.02476
110.835	0.02475
110.808	0.02475
110.775	0.02475
110.742	0.02475
110.706	0.02474
110.672	0.02474
110.638	0.02474
110.603	0.02473
110.567	0.02474
110.528	0.02473
110.493	0.02473
110.456	0.02474
110.42	0.02473
110.385	0.02474
110.352	0.02472
110.317	0.02473
110.286	0.02473
110.252	0.02474
110.222	0.02473
110.187	0.02473
110.149	0.02472
110.109	0.02473
110.067	0.02473
110.031	0.02472
109.996	0.02473
109.962	0.0247
109.929	0.02473
109.895	0.02471
109.861	0.02472
109.826	0.02472
109.79	0.0247
109.756	0.0247
109.726	0.02471
109.693	0.02471
109.663	0.02471
109.631	0.02472
109.596	0.02471
109.558	0.0247
109.524	0.02472
109.486	0.02471
109.45	0.0247
109.412	0.02471
109.374	0.0247
109.333	0.0247
109.293	0.02468
109.258	0.0247
109.223	0.02471
109.19	0.02471
109.156	0.02469
109.125	0.02469
109.092	0.0247
109.061	0.02469
109.027	0.02468
108.993	0.02469
108.955	0.02469
108.923	0.02468
108.886	0.02469
108.851	0.02468
108.82	0.02467
108.789	0.02467
108.76	0.02468
108.728	0.02467
108.699	0.02468
108.664	0.02467
108.625	0.02468
108.591	0.02469
108.558	0.02468
108.523	0.02468
108.484	0.02467
108.449	0.02467
108.41	0.02467
108.372	0.02466
108.333	0.02466
108.298	0.02466
108.259	0.02466
108.226	0.02465
108.191	0.02465
108.155	0.02467
108.118	0.02466
108.086	0.02465
108.055	0.02465
108.025	0.02466
107.997	0.02465
107.967	0.02465
107.937	0.02465
107.906	0.02465
107.874	0.02465
107.841	0.02466
107.809	0.02464
107.777	0.02463
107.748	0.02464
107.718	0.02464
107.688	0.02465
107.656	0.02463
107.625	0.02462
107.597	0.02464
107.567	0.02464
107.538	0.02464
107.506	0.02463
107.474	0.02463
107.439	0.02463
107.406	0.02463
107.371	0.02463
107.338	0.02462
107.303	0.02462
107.272	0.02462
107.24	0.02462
107.209	0.02463
107.178	0.02462
107.144	0.02461
107.11	0.02461
107.072	0.02462
107.035	0.02461
106.993	0.02461
106.952	0.02461
106.911	0.02462
106.875	0.02462
106.837	0.0246
106.8	0.0246
106.766	0.02462
106.73	0.0246
106.695	0.0246
106.657	0.02462
106.623	0.0246
106.586	0.02461
106.552	0.0246
106.519	0.0246
106.489	0.02459
106.457	0.0246
106.426	0.0246
106.394	0.02461
106.362	0.0246
106.331	0.02459
106.297	0.02459
106.264	0.02459
106.23	0.02459
106.198	0.02459
106.16	0.02459
106.122	0.02458
106.083	0.02459
106.047	0.02459
106.012	0.02459
105.981	0.02459
105.943	0.02458
105.907	0.02458
105.87	0.02458
105.829	0.02457
105.79	0.02458
105.749	0.02459
105.712	0.02458
105.676	0.02457
105.643	0.02457
105.608	0.02458
105.575	0.02457
105.539	0.02456
105.503	0.02456
105.471	0.02456
105.433	0.02455
105.4	0.02456
105.362	0.02457
105.323	0.02456
105.28	0.02456
105.246	0.02455
105.211	0.02455
105.182	0.02455
105.15	0.02456
105.12	0.02456
105.091	0.02454
105.061	0.02454
105.03	0.02456
104.996	0.02455
104.962	0.02455
104.922	0.02455
104.881	0.02454
104.838	0.02454
104.802	0.02454
104.768	0.02454
104.739	0.02454
104.705	0.02454
104.672	0.02453
104.637	0.02455
104.604	0.02453
104.568	0.02454
104.536	0.02453
104.505	0.02453
104.471	0.02453
104.437	0.02454
104.399	0.02453
104.367	0.02452
104.336	0.02452
104.31	0.02451
104.28	0.02453
104.249	0.02452
104.219	0.02451
104.189	0.02451
104.156	0.02452
104.119	0.02452
104.084	0.02451
104.048	0.02452
104.011	0.02452
103.971	0.02451
103.939	0.02451
103.905	0.02451
103.873	0.02451
103.838	0.02451
103.806	0.02452
103.769	0.0245
103.733	0.02451
103.698	0.02449
103.66	0.02451
103.624	0.02452
103.585	0.0245
103.55	0.0245
103.517	0.0245
103.487	0.0245
103.453	0.02449
103.423	0.02449
103.39	0.02449
103.357	0.02449
103.321	0.02449
103.285	0.02449
103.249	0.02448
103.21	0.02449
103.169	0.02448
103.126	0.02448
103.089	0.02449
103.052	0.02448
103.02	0.02448
102.985	0.02449
102.951	0.02449
102.917	0.02448
102.884	0.02446
102.853	0.02449
102.82	0.02447
102.789	0.02447
102.757	0.02447
102.723	0.02447
102.685	0.02446
102.649	0.02446
102.61	0.02446
102.573	0.02446
102.534	0.02446
102.498	0.02448
102.459	0.02446
102.419	0.02446
102.383	0.02447
102.346	0.02446
102.314	0.02445
102.282	0.02446
102.252	0.02446
102.218	0.02445
102.185	0.02444
102.149	0.02445
102.115	0.02445
102.08	0.02445
102.049	0.02446
102.016	0.02445
101.983	0.02445
101.947	0.02444
101.91	0.02445
101.874	0.02445
101.835	0.02444
101.798	0.02444
101.758	0.02443
101.718	0.02442
101.674	0.02443
101.636	0.02444
101.597	0.02443
101.559	0.02442
101.523	0.02443
101.484	0.02443
101.449	0.02442
101.413	0.02442
101.38	0.02442
101.347	0.02443
101.317	0.02443
101.285	0.02441
101.256	0.02442
101.226	0.02442
101.195	0.02442
101.165	0.02442
101.13	0.02441
101.099	0.02442
101.066	0.02442
101.032	0.02441
100.994	0.0244
100.96	0.02441
100.926	0.02441
100.896	0.02441
100.865	0.02441
100.838	0.0244
100.808	0.0244
100.773	0.0244
100.742	0.0244
100.709	0.0244
100.678	0.0244
100.646	0.0244
100.617	0.0244
100.583	0.02441
100.549	0.02439
100.513	0.02439
100.48	0.0244
100.445	0.0244
100.412	0.02439
100.382	0.0244
100.352	0.02439
100.324	0.0244
100.291	0.02438
100.258	0.02437
100.223	0.02439
100.188	0.02439
100.151	0.0244
100.118	0.02438
100.082	0.02438
100.047	0.02438
100.011	0.02437
99.974	0.02438
99.939	0.02437
99.903	0.02438
99.869	0.02437
99.834	0.02437
99.798	0.02437
99.761	0.02438
99.729	0.02437
99.689	0.02437
99.653	0.02436
99.619	0.02437
99.586	0.02438
99.555	0.02436
99.519	0.02436
99.485	0.02436
99.452	0.02437
99.421	0.02437
99.388	0.02436
99.358	0.02435
99.329	0.02436
99.302	0.02435
99.272	0.02435
99.24	0.02435
99.21	0.02435
99.179	0.02435
99.15	0.02435
99.117	0.02435
99.083	0.02435
99.043	0.02433
99.004	0.02435
98.963	0.02434
98.925	0.02435
98.884	0.02434
98.847	0.02435
98.807	0.02434
98.766	0.02433
98.728	0.02434
98.687	0.02433
98.65	0.02434
98.612	0.02434
98.578	0.02435
98.541	0.02432
98.507	0.02433
98.467	0.02434
98.429	0.02432
98.386	0.02432
98.344	0.02432
98.305	0.02433
98.265	0.02432
98.23	0.02432
98.19	0.02433
98.153	0.02433
98.117	0.02431
98.086	0.02431
98.053	0.02433
98.023	0.02432
97.987	0.02431
97.954	0.02431
97.918	0.02431
97.884	0.02431
97.853	0.0243
97.82	0.0243
97.788	0.0243
97.752	0.02432
97.717	0.0243
97.679	0.02432
97.64	0.0243
97.598	0.0243
97.554	0.02431
97.515	0.0243
97.475	0.0243
97.438	0.02428
97.396	0.0243
97.356	0.0243
97.318	0.02429
97.284	0.02429
97.249	0.02429
97.214	0.02429
97.178	0.02428
97.144	0.02429
97.111	0.02429
97.079	0.02429
97.046	0.02428
97.007	0.02428
96.97	0.02429
96.929	0.02428
96.893	0.02428
96.859	0.02429
96.827	0.02428
96.792	0.02427
96.758	0.02429
96.723	0.02427
96.687	0.02427
96.655	0.02428
96.618	0.02427
96.584	0.02427
96.546	0.02426
96.509	0.02426
96.467	0.02426
96.43	0.02427
96.39	0.02426
96.351	0.02426
96.308	0.02426
96.272	0.02427
96.234	0.02426
96.195	0.02426
96.16	0.02426
96.12	0.02426
96.081	0.02426
96.04	0.02426
96.003	0.02425
95.963	0.02425
95.928	0.02424
95.889	0.02425
95.851	0.02424
95.814	0.02425
95.774	0.02424
95.739	0.02424
95.703	0.02426
95.668	0.02425
95.631	0.02424
95.596	0.02424
95.56	0.02424
95.528	0.02422
95.492	0.02424
95.46	0.02425
95.426	0.02424
95.389	0.02423
95.356	0.02422
95.32	0.02424
95.285	0.02422
95.248	0.02422
95.212	0.02423
95.173	0.02423
95.138	0.02423
95.101	0.02422
95.066	0.02423
95.035	0.02422
95.001	0.02422
94.969	0.02422
94.935	0.02421
94.902	0.02421
94.864	0.02422
94.827	0.02421
94.786	0.0242
94.749	0.02422
94.712	0.02422
94.679	0.02421
94.645	0.0242
94.609	0.02421
94.576	0.02421
94.54	0.02421
94.505	0.0242
94.467	0.02419
94.432	0.0242
94.391	0.02419
94.353	0.02419
94.313	0.0242
94.276	0.02419
94.231	0.02419
94.181	0.02419
94.139	0.02419
94.095	0.02419
94.057	0.02419
94.022	0.02419
93.991	0.02418
93.96	0.02417
93.93	0.02418