267.021	0.04577
266.795	0.04575
266.553	0.04572
266.329	0.04567
266.088	0.04563
265.865	0.04561
265.628	0.04556
265.407	0.04554
265.172	0.04549
264.937	0.04545
264.719	0.04542
264.486	0.04539
264.27	0.04537
264.038	0.04531
263.823	0.04528
263.593	0.04525
263.379	0.04521
263.15	0.04518
262.936	0.04514
262.708	0.04511
262.497	0.04508
262.272	0.04504
262.047	0.045
261.838	0.04498
261.615	0.04496
261.407	0.0449
261.186	0.04489
260.98	0.04485
260.759	0.04482
260.554	0.04479
260.335	0.04475
260.13	0.04471
259.911	0.04469
259.71	0.04464
259.493	0.04462
259.277	0.0446
259.076	0.04457
258.862	0.04453
258.662	0.0445
258.449	0.04447
258.25	0.04443
258.039	0.04441
257.843	0.04436
257.633	0.04435
257.439	0.04431
257.232	0.04429
257.025	0.04425
256.832	0.04422
256.625	0.04418
256.433	0.04417
256.228	0.04414
256.037	0.0441
255.832	0.04407
255.642	0.04404
255.439	0.04402
255.25	0.04398
255.049	0.04395
254.85	0.04392
254.663	0.0439
254.464	0.04387
254.28	0.04385
254.083	0.04381
253.899	0.04377
253.703	0.04375
253.521	0.04372
253.326	0.04369
253.146	0.04367
252.953	0.04364
252.773	0.0436
252.581	0.04359
252.389	0.04355
252.211	0.04353
252.02	0.04351
251.842	0.04348
251.653	0.04345
251.477	0.04341
251.288	0.04339
251.113	0.04336
250.927	0.04333
250.754	0.0433
250.57	0.04328
250.399	0.04324
250.215	0.04322
250.032	0.04319
249.861	0.04318
249.679	0.04316
249.51	0.04311
249.329	0.0431
249.161	0.04306
248.981	0.04304
248.814	0.043
248.635	0.04299
248.469	0.04298
248.291	0.04293
248.114	0.04291
247.95	0.04289
247.774	0.04285
247.61	0.04284
247.436	0.04282
247.274	0.04278
247.1	0.04276
246.938	0.04273
246.766	0.04269
246.606	0.04268
246.434	0.04266
246.275	0.04262
246.105	0.04261
245.936	0.04258
245.779	0.04256
245.612	0.04253
245.455	0.04251
245.288	0.04249
245.131	0.04246
244.965	0.04244
244.811	0.04241
244.646	0.04239
244.492	0.04236
244.328	0.04233
244.176	0.04232
244.013	0.04229
243.85	0.04226
243.699	0.04225
243.538	0.04221
243.387	0.0422
243.226	0.04218
243.076	0.04215
242.917	0.04213
242.769	0.04211
242.61	0.04208
242.464	0.04207
242.307	0.04203
242.151	0.04202
242.005	0.04199
241.849	0.04197
241.704	0.04194
241.549	0.04194
241.404	0.04191
241.25	0.04188
241.106	0.04186
240.953	0.04184
240.81	0.04182
240.659	0.04179
240.517	0.04178
240.366	0.04175
240.215	0.04173
240.075	0.04172
239.925	0.04169
239.785	0.04168
239.637	0.04166
239.498	0.04161
239.35	0.0416
239.212	0.04157
239.064	0.04156
238.928	0.04153
238.782	0.04151
238.646	0.0415
238.5	0.04148
238.356	0.04145
238.22	0.04143
238.077	0.04141
237.944	0.04139
237.8	0.04137
237.668	0.04134
237.527	0.04133
237.395	0.04131
237.254	0.04129
237.122	0.04127
236.982	0.04124
236.842	0.04123
236.711	0.0412
236.572	0.04118
236.443	0.04117
236.306	0.04113
236.178	0.04111
236.041	0.0411
235.914	0.04106
235.778	0.04106
235.651	0.04105
235.515	0.04102
235.389	0.041
235.254	0.04098
235.12	0.04097
234.995	0.04095
234.862	0.04093
234.738	0.04091
234.606	0.04089
234.483	0.04086
234.351	0.04085
234.228	0.04083
234.098	0.0408
233.976	0.0408
233.846	0.04077
233.717	0.04076
233.596	0.04073
233.467	0.04071
233.347	0.04069
233.219	0.04068
233.1	0.04065
232.972	0.04064
232.854	0.04062
232.727	0.04061
232.609	0.04059
232.482	0.04057
232.356	0.04056
232.239	0.04052
232.113	0.04051
231.995	0.0405
231.87	0.04049
231.755	0.04047
231.631	0.04046
231.515	0.04043
231.393	0.04042
231.277	0.04039
231.154	0.04037
231.04	0.04036
230.919	0.04034
230.798	0.04032
230.685	0.04032
230.564	0.04029
230.451	0.04027
230.331	0.04025
230.22	0.04024
230.1	0.04022
229.989	0.0402
229.871	0.04019
229.761	0.04016
229.643	0.04014
229.525	0.04015
229.416	0.04012
229.299	0.04009
229.19	0.04008
229.073	0.04006
228.966	0.04005
228.85	0.04003
228.743	0.04002
228.629	0.04
228.522	0.03998
228.407	0.03995
228.301	0.03994
228.187	0.03993
228.074	0.03991
227.969	0.03989
227.856	0.03988
227.752	0.03988
227.64	0.03985
227.536	0.03984
227.426	0.03981
227.323	0.0398
227.212	0.03978
227.11	0.03977
227	0.03976
226.891	0.03975
226.788	0.03972
226.679	0.03973
226.578	0.0397
226.47	0.03968
226.369	0.03966
226.262	0.03965
226.162	0.03963
226.055	0.03963
225.949	0.0396
225.85	0.03959
225.75	0.03958
225.644	0.03956
225.539	0.03955
225.441	0.03953
225.337	0.03952
225.24	0.0395
225.136	0.03948
225.039	0.03947
224.935	0.03944
224.839	0.03943
224.736	0.03942
224.639	0.0394
224.537	0.0394
224.435	0.03938
224.34	0.03936
224.239	0.03935
224.144	0.03934
224.043	0.03931
223.949	0.03931
223.848	0.03929
223.755	0.03928
223.656	0.03925
223.563	0.03924
223.464	0.03924
223.366	0.03921
223.274	0.03921
223.175	0.03919
223.083	0.03917
222.985	0.03917
222.894	0.03915
222.797	0.03913
222.707	0.03912
222.61	0.0391
222.52	0.0391
222.423	0.03907
222.333	0.03906
222.238	0.03906
222.143	0.03904
222.054	0.03902
221.959	0.03901
221.87	0.03899
221.776	0.03898
221.688	0.03898
221.595	0.03896
221.507	0.03894
221.413	0.03892
221.327	0.03892
221.235	0.0389
221.142	0.03888
221.055	0.03886
220.963	0.03886
220.877	0.03884
220.785	0.03884
220.7	0.03882
220.609	0.03881
220.524	0.0388
220.434	0.03878
220.349	0.03877
220.259	0.03875
220.175	0.03875
220.085	0.03873
219.994	0.03871
219.911	0.0387
219.821	0.03869
219.738	0.03868
219.65	0.03867
219.567	0.03867
219.479	0.03864
219.397	0.03863
219.31	0.03862
219.228	0.0386
219.141	0.03858
219.06	0.03857
218.973	0.03856
218.886	0.03855
218.805	0.03854
218.718	0.03852
218.638	0.03852
218.553	0.0385
218.474	0.03849
218.389	0.03848
218.309	0.03847
218.225	0.03846
218.146	0.03843
218.061	0.03843
217.977	0.03841
217.899	0.03841
217.815	0.03839
217.737	0.03839
217.654	0.03837
217.576	0.03835
217.494	0.03834
217.418	0.03833
217.336	0.03833
217.26	0.03831
217.178	0.03829
217.102	0.0383
217.02	0.03828
216.939	0.03825
216.863	0.03826
216.782	0.03823
216.708	0.03822
216.627	0.03821
216.554	0.03819
216.473	0.03818
216.398	0.03816
216.319	0.03817
216.24	0.03815
216.166	0.03814
216.088	0.03813
216.015	0.03813
215.936	0.03811
215.863	0.0381
215.784	0.03809
215.711	0.03807
215.634	0.03807
215.562	0.03806
215.485	0.03804
215.413	0.03803
215.336	0.03802
215.259	0.03801
215.187	0.038
215.111	0.03798
215.041	0.03797
214.965	0.03796
214.894	0.03796
214.819	0.03794
214.748	0.03794
214.673	0.03793
214.603	0.03792
214.528	0.03791
214.459	0.03789
214.384	0.03789
214.311	0.03788
214.241	0.03786
214.167	0.03785
214.098	0.03783
214.024	0.03784
213.955	0.03783
213.883	0.03782
213.815	0.0378
213.743	0.03779
213.675	0.03778
213.602	0.03778
213.529	0.03776
213.462	0.03775
213.39	0.03772
213.323	0.03772
213.251	0.03772
213.185	0.03772
213.113	0.0377
213.047	0.03769
212.977	0.03768
212.911	0.03766
212.84	0.03766
212.769	0.03764
212.704	0.03763
212.634	0.03764
212.568	0.03762
212.499	0.03761
212.434	0.0376
212.365	0.03758
212.299	0.03758
212.23	0.03758
212.166	0.03757
212.097	0.03755
212.028	0.03753
211.965	0.03753
211.897	0.03751
211.834	0.0375
211.766	0.03748
211.703	0.03749
211.636	0.03748
211.572	0.03747
211.505	0.03746
211.437	0.03744
211.374	0.03744
211.306	0.03744
211.244	0.03741
211.176	0.03741
211.114	0.03739
211.047	0.03739
210.985	0.03737
210.919	0.03738
210.858	0.03735
210.792	0.03735
210.726	0.03734
210.665	0.03733
210.6	0.03733
210.539	0.03731
210.475	0.0373
210.414	0.0373
210.349	0.03728
210.289	0.03728
210.225	0.03727
210.165	0.03726
210.101	0.03725
210.036	0.03723
209.976	0.03724
209.913	0.03722
209.853	0.03722
209.79	0.0372
209.731	0.03719
209.668	0.03719
209.609	0.03719
209.546	0.03716
209.488	0.03716
209.425	0.03714
209.363	0.03715
209.305	0.03714
209.243	0.03712
209.185	0.03713
209.123	0.03712
209.065	0.03711
209.003	0.03708
208.945	0.03708
208.883	0.03707
208.826	0.03706
208.765	0.03706
208.708	0.03705
208.647	0.03704
208.586	0.03702
208.53	0.03702
208.47	0.037
208.414	0.037
208.353	0.03699
208.297	0.03698
208.236	0.03699
208.181	0.03697
208.12	0.03697
208.064	0.03696
208.005	0.03694
207.949	0.03693
207.89	0.03693
207.831	0.03691
207.776	0.03691
207.717	0.03689
207.661	0.03688
207.603	0.03687
207.549	0.03688
207.491	0.03686
207.436	0.03686
207.378	0.03685
207.324	0.03684
207.266	0.03684
207.209	0.03683
207.155	0.03681
207.097	0.03681
207.044	0.03681
206.986	0.03679
206.933	0.0368
206.876	0.03678
206.823	0.03677
206.766	0.03675
206.713	0.03675
206.656	0.03674
206.603	0.03674
206.547	0.03673
206.49	0.03671
206.438	0.03671
206.383	0.0367
206.33	0.0367
206.274	0.03668
206.222	0.03668
206.167	0.03668
206.115	0.03667
206.06	0.03667
206.008	0.03665
205.952	0.03665
205.897	0.03663
205.845	0.03662
205.79	0.03662
205.738	0.03661
205.683	0.0366
205.632	0.0366
205.578	0.03658
205.527	0.03657
205.472	0.03657
205.421	0.03655
205.367	0.03655
205.316	0.03653
205.262	0.03655
205.208	0.03653
205.158	0.03652
205.105	0.03651
205.056	0.03651
205.002	0.0365
204.952	0.0365
204.899	0.03648
204.849	0.03647
204.796	0.03647
204.746	0.03646
204.693	0.03645
204.64	0.03644
204.59	0.03643
204.538	0.03643
204.489	0.03642
204.437	0.03642
204.388	0.0364
204.335	0.03639
204.286	0.0364
204.234	0.03638
204.186	0.03636
204.135	0.03638
204.086	0.03636
204.034	0.03635
203.983	0.03635
203.934	0.03634
203.883	0.03633
203.835	0.03631
203.784	0.03631
203.736	0.03631
203.685	0.0363
203.638	0.0363
203.587	0.03629
203.54	0.03628
203.488	0.03628
203.438	0.03627
203.391	0.03627
203.339	0.03624
203.292	0.03625
203.241	0.03624
203.195	0.03623
203.144	0.03622
203.098	0.03622
203.047	0.03621
202.997	0.03621
202.951	0.0362
202.904	0.03618
202.854	0.03618
202.805	0.03617
202.759	0.03616
202.709	0.03615
202.663	0.03615
202.613	0.03615
202.568	0.03613
202.519	0.03613
202.473	0.03612
202.423	0.03612
202.377	0.03611
202.328	0.0361
202.28	0.0361
202.235	0.03609
202.187	0.03608
202.142	0.03608
202.095	0.03607
202.05	0.03608
202.001	0.03607
201.956	0.03605
201.907	0.03605
201.863	0.03605
201.815	0.03604
201.771	0.03603
201.723	0.03602
201.675	0.03601
201.631	0.036
201.584	0.036
201.54	0.03599
201.493	0.03598
201.449	0.03599
201.402	0.03598
201.358	0.03597
201.311	0.03596
201.264	0.03595
201.221	0.03594
201.174	0.03596
201.131	0.03593
201.084	0.03593
201.041	0.03592
200.994	0.03591
200.951	0.0359
200.905	0.03592
200.861	0.03589
200.815	0.03588
200.773	0.03588
200.726	0.03586
200.683	0.03587
200.637	0.03585
200.59	0.03585
200.548	0.03584
200.502	0.03584
200.46	0.03584
200.414	0.03584
200.373	0.03582
200.327	0.03581
200.284	0.03581
200.238	0.03581
200.196	0.0358
200.15	0.03579
200.106	0.03579
200.064	0.03577
200.018	0.03577
199.976	0.03577
199.931	0.03577
199.889	0.03575
199.845	0.03575
199.804	0.03573
199.759	0.03573
199.717	0.03573
199.673	0.03573
199.629	0.03573
199.588	0.03571
199.544	0.0357
199.502	0.03571
199.458	0.03569
199.417	0.03569
199.373	0.03568
199.331	0.03566
199.287	0.03567
199.245	0.03565
199.201	0.03567
199.158	0.03565
199.117	0.03565
199.073	0.03563
199.032	0.03563
198.988	0.03563
198.948	0.03562
198.905	0.03561
198.864	0.0356
198.821	0.03561
198.78	0.03559
198.737	0.03559
198.697	0.03558
198.654	0.03557
198.61	0.03557
198.57	0.03557
198.527	0.03556
198.487	0.03554
198.445	0.03555
198.404	0.03555
198.361	0.03554
198.322	0.03553
198.279	0.03553
198.239	0.03552
198.197	0.03553
198.154	0.0355
198.114	0.03551
198.072	0.0355
198.033	0.03549
197.99	0.03548
197.95	0.03547
197.908	0.03547
197.868	0.03547
197.826	0.03546
197.788	0.03546
197.745	0.03546
197.704	0.03545
197.665	0.03545
197.622	0.03542
197.583	0.03543
197.542	0.03542
197.502	0.03541
197.46	0.03539
197.421	0.0354
197.379	0.0354
197.341	0.0354
197.299	0.03538
197.258	0.03538
197.219	0.03538
197.177	0.03537
197.138	0.03536
197.097	0.03537
197.059	0.03534
197.018	0.03535
196.979	0.03534
196.938	0.03534
196.9	0.03533
196.859	0.03532
196.821	0.03533
196.78	0.03531
196.74	0.03531
196.702	0.03531
196.66	0.0353
196.622	0.03528
196.581	0.03529
196.543	0.03528
196.502	0.03527
196.463	0.03527
196.422	0.03526
196.384	0.03525
196.343	0.03526
196.305	0.03525
196.264	0.03523
196.225	0.03525
196.187	0.03523
196.146	0.03522
196.108	0.03523
196.068	0.03523
196.031	0.03521
195.992	0.03521
195.954	0.0352
195.913	0.03519
195.875	0.0352
195.835	0.03518
195.794	0.03519
195.757	0.03517
195.717	0.03517
195.679	0.03517
195.639	0.03517
195.601	0.03516
195.561	0.03515
195.524	0.03515
195.484	0.03515
195.448	0.03514
195.408	0.03512
195.37	0.03512
195.332	0.03512
195.293	0.03512
195.256	0.0351
195.216	0.03511
195.179	0.03511
195.14	0.03509
195.103	0.03508
195.064	0.03507
195.026	0.03507
194.987	0.03507
194.95	0.03507
194.911	0.03505
194.875	0.03505
194.836	0.03505
194.796	0.03504
194.759	0.03503
194.72	0.03503
194.684	0.03501
194.645	0.03502
194.608	0.03501
194.569	0.03503
194.533	0.035
194.494	0.035
194.458	0.035
194.418	0.03498
194.378	0.03499
194.342	0.03498
194.304	0.03497
194.268	0.03498
194.228	0.03497
194.192	0.03497
194.153	0.03497
194.117	0.03495
194.078	0.03495
194.043	0.03496
194.005	0.03495
193.969	0.03495
193.93	0.03493
193.892	0.03493
193.856	0.03492
193.817	0.03491
193.781	0.03491
193.743	0.0349
193.708	0.03491
193.67	0.0349
193.634	0.03489
193.596	0.03488
193.561	0.03488
193.523	0.03487
193.488	0.03487
193.45	0.03487
193.412	0.03486
193.376	0.03485
193.339	0.03485
193.304	0.03484
193.266	0.03484
193.231	0.03485
193.193	0.03482
193.157	0.03483
193.12	0.03482
193.084	0.03481
193.047	0.03482
193.008	0.03481
192.973	0.0348
192.935	0.0348
192.9	0.03481
192.862	0.03478
192.827	0.03479
192.79	0.03478
192.755	0.03478
192.717	0.03478
192.682	0.03475
192.645	0.03477
192.607	0.03474
192.572	0.03475
192.535	0.03475
192.5	0.03474
192.464	0.03474
192.429	0.03474
192.391	0.03473
192.356	0.03473
192.319	0.03472
192.285	0.03471
192.248	0.0347
192.213	0.0347
192.177	0.0347
192.141	0.03469
192.106	0.03468
192.069	0.03468
192.034	0.03468
191.997	0.03467
191.963	0.03468
191.926	0.03467
191.891	0.03466
191.854	0.03464
191.817	0.03467
191.783	0.03466
191.747	0.03464
191.712	0.03464
191.676	0.03463
191.642	0.03464
191.606	0.03463
191.571	0.03463
191.535	0.03462
191.501	0.03461
191.464	0.03461
191.43	0.0346
191.394	0.0346
191.36	0.0346
191.323	0.03459
191.287	0.03458
191.253	0.03458
191.216	0.03457
191.183	0.03458
191.145	0.03457
191.111	0.03456
191.074	0.03456
191.041	0.03455
191.004	0.03456
190.97	0.03454
190.933	0.03454
190.896	0.03453
190.862	0.03452
190.825	0.03453
190.79	0.03453
190.752	0.03453
190.718	0.03451
190.681	0.03451
190.647	0.03451
190.611	0.03449
190.578	0.03449
190.542	0.03448
190.506	0.03449
190.472	0.03449
190.436	0.03447
190.403	0.03448
190.367	0.03447
190.333	0.03447
190.297	0.03446
190.263	0.03445
190.227	0.03444
190.194	0.03445
190.157	0.03444
190.124	0.03444
190.088	0.03443
190.054	0.03441
190.018	0.03441
189.982	0.03442
189.949	0.0344
189.912	0.03439
189.879	0.0344
189.843	0.0344
189.81	0.03439
189.774	0.03439
189.741	0.03438
189.705	0.03439
189.672	0.03436
189.637	0.03436
189.6	0.03437
189.567	0.03437
189.532	0.03436
189.498	0.03435
189.462	0.03434
189.429	0.03433
189.393	0.03434
189.36	0.03433
189.325	0.03432
189.291	0.03434
189.255	0.03431
189.22	0.03433
189.187	0.03431
189.151	0.0343
189.119	0.0343
189.084	0.03431
189.05	0.03428
189.015	0.03429
188.981	0.03428
188.945	0.03429
188.912	0.03428
188.875	0.03428
188.842	0.03426
188.806	0.03426
188.77	0.03425
188.737	0.03425
188.701	0.03425
188.669	0.03424
188.634	0.03424
188.601	0.03421
188.565	0.03422
188.532	0.03421
188.497	0.03422
188.464	0.03422
188.428	0.0342
188.395	0.0342
188.36	0.03421
188.325	0.03418
188.292	0.03419
188.257	0.03419
188.225	0.03417
188.19	0.03418
188.158	0.03417
188.123	0.03416
188.09	0.03417
188.056	0.03415
188.023	0.03415
187.988	0.03415
187.953	0.03415
187.921	0.03414
187.886	0.03414
187.853	0.03412
187.818	0.03413
187.786	0.03413
187.751	0.03411
187.718	0.03412
187.683	0.0341
187.65	0.0341
187.615	0.0341
187.583	0.0341
187.548	0.0341
187.514	0.03409
187.481	0.03408
187.446	0.0341
187.414	0.03408
187.378	0.03407
187.346	0.03407
187.31	0.03405
187.278	0.03407
187.243	0.03407
187.211	0.03405
187.176	0.03405
187.144	0.03404
187.109	0.03403
187.074	0.03404
187.042	0.03403
187.007	0.03402
186.975	0.03402
186.939	0.03401
186.906	0.034
186.87	0.03402
186.837	0.03399
186.802	0.034
186.769	0.03399
186.735	0.034
186.703	0.03399
186.668	0.03398
186.634	0.03398
186.602	0.03398
186.568	0.03397
186.536	0.03396
186.501	0.03397
186.469	0.03395
186.433	0.03396
186.4	0.03395
186.365	0.03394
186.333	0.03393
186.298	0.03393
186.266	0.03393
186.232	0.03392
186.198	0.03391
186.165	0.0339
186.131	0.0339
186.098	0.03391
186.063	0.03391
186.031	0.0339
185.996	0.03389
185.963	0.03388
185.929	0.03389
185.897	0.03387
185.862	0.03388
185.827	0.03387
185.795	0.03387
185.761	0.03385
185.729	0.03385
185.694	0.03385
185.661	0.03384
185.626	0.03384
185.594	0.03383
185.56	0.03383
185.529	0.03383
185.495	0.03383
185.463	0.03382
185.429	0.03383
185.394	0.03379
185.362	0.0338
185.327	0.03382
185.295	0.03381
185.261	0.03381
185.229	0.03378
185.195	0.03379
185.163	0.03378
185.129	0.03378
185.097	0.03378
185.063	0.03378
185.031	0.03378
184.997	0.03377
184.963	0.03376
184.93	0.03377
184.897	0.03376
184.865	0.03375
184.831	0.03375
184.799	0.03375
184.765	0.03374
184.734	0.03374
184.7	0.03373
184.668	0.03373
184.634	0.03372
184.6	0.03372
184.568	0.03371
184.533	0.03371
184.501	0.03371
184.467	0.03371
184.435	0.03369
184.401	0.03369
184.369	0.03369
184.335	0.03369
184.303	0.03368
184.269	0.03367
184.237	0.03367
184.203	0.03367
184.169	0.03366
184.138	0.03367
184.104	0.03366
184.072	0.03364
184.037	0.03365
184.005	0.03365
183.97	0.03363
183.939	0.03364
183.905	0.03364
183.873	0.03362
183.839	0.03362
183.806	0.03361
183.774	0.03361
183.74	0.03361
183.709	0.03361
183.675	0.03361
183.644	0.0336
183.61	0.03359
183.579	0.0336
183.546	0.03359
183.515	0.03358
183.482	0.03359
183.45	0.03358
183.416	0.03357
183.382	0.03357
183.351	0.03356
183.318	0.03355
183.286	0.03355
183.253	0.03355
183.222	0.03355
183.188	0.03355
183.156	0.03354
183.123	0.03354
183.092	0.03352
183.059	0.03353
183.028	0.03352
182.994	0.03352
182.96	0.0335
182.929	0.03351
182.896	0.0335
182.865	0.03351
182.832	0.03349
182.8	0.03349
182.767	0.03349
182.735	0.03349
182.701	0.03348
182.67	0.03347
182.637	0.03348
182.607	0.03347
182.573	0.03347
182.539	0.03346
182.509	0.03346
182.475	0.03344
182.443	0.03346
182.409	0.03344
182.378	0.03343
182.344	0.03343
182.313	0.03342
182.28	0.03342
182.248	0.03343
182.214	0.03342
182.18	0.03342
182.149	0.03341
182.115	0.03341
182.083	0.0334
182.049	0.03339
182.017	0.0334
181.982	0.0334
181.95	0.03339
181.917	0.0334
181.886	0.03339
181.852	0.03338
181.821	0.03337
181.788	0.03337
181.755	0.03337
181.724	0.03336
181.69	0.03337
181.659	0.03335
181.625	0.03335
181.593	0.03334
181.56	0.03335
181.529	0.03334
181.495	0.03333
181.464	0.03333
181.431	0.03332
181.398	0.03331
181.367	0.03331
181.333	0.03331
181.302	0.03332
181.268	0.0333
181.236	0.03331
181.203	0.03329
181.172	0.03329
181.138	0.03328
181.107	0.03328
181.074	0.03327
181.043	0.03327
181.009	0.03327
180.976	0.03327
180.945	0.03324
180.913	0.03326
180.882	0.03325
180.848	0.03325
180.818	0.03324
180.784	0.03324
180.754	0.03324
180.72	0.03324
180.687	0.03323
180.656	0.03322
180.625	0.03322
180.593	0.03323
180.559	0.03321
180.529	0.03321
180.495	0.0332
180.464	0.03321
180.431	0.0332
180.401	0.03319
180.367	0.03319
180.337	0.03319
180.304	0.03318
180.273	0.03318
180.24	0.03318
180.207	0.03316
180.175	0.03316
180.142	0.03316
180.112	0.03316
180.078	0.03316
180.048	0.03315
180.014	0.03315
179.984	0.03314
179.952	0.03314
179.921	0.03313
179.888	0.03313
179.857	0.03312
179.824	0.03313
179.791	0.03312
179.76	0.03311
179.726	0.03312
179.695	0.0331
179.661	0.0331
179.631	0.0331
179.598	0.03309
179.567	0.03308
179.534	0.0331
179.501	0.03309
179.47	0.03307
179.439	0.03308
179.406	0.03307
179.373	0.03306
179.342	0.03306
179.309	0.03306
179.278	0.03306
179.245	0.03305
179.213	0.03305
179.18	0.03305
179.149	0.03304
179.116	0.03304
179.085	0.03303
179.052	0.03303
179.019	0.03303
178.989	0.03302
178.957	0.03302
178.926	0.03302
178.893	0.03301
178.862	0.033
178.828	0.033
178.797	0.03298
178.764	0.03298
178.733	0.03298
178.699	0.03299
178.668	0.03298
178.634	0.03297
178.601	0.03298
178.571	0.03296
178.538	0.03297
178.507	0.03296
178.474	0.03296
178.444	0.03295
178.411	0.03294
178.381	0.03294
178.349	0.03294
178.316	0.03293
178.286	0.03293
178.255	0.03292
178.222	0.03292
178.189	0.03292
178.158	0.03291
178.125	0.0329
178.094	0.0329
178.062	0.0329
178.031	0.0329
177.999	0.03289
177.968	0.03289
177.936	0.03288
177.905	0.03288
177.872	0.03287
177.839	0.03288
177.809	0.03286
177.777	0.03287
177.747	0.03285
177.713	0.03287
177.683	0.03285
177.65	0.03285
177.619	0.03285
177.587	0.03285
177.555	0.03283
177.523	0.03282
177.493	0.03283
177.46	0.03282
177.427	0.03283
177.396	0.0328
177.363	0.03281
177.333	0.0328
177.3	0.03281
177.269	0.03281
177.237	0.03279
177.207	0.03279
177.174	0.03278
177.142	0.03278
177.111	0.03278
177.081	0.03278
177.048	0.03278
177.015	0.03277
176.985	0.03277
176.952	0.03277
176.92	0.03276
176.887	0.03274
176.856	0.03275
176.823	0.03275
176.792	0.03276
176.76	0.03274
176.73	0.03272
176.697	0.03274
176.663	0.03273
176.633	0.03272
176.6	0.03273
176.57	0.03272
176.538	0.03272
176.507	0.0327
176.475	0.03271
176.444	0.0327
176.412	0.0327
176.382	0.03268
176.35	0.03267
176.32	0.03267
176.287	0.03268
176.254	0.03267
176.223	0.03267
176.191	0.03267
176.161	0.03267
176.129	0.03268
176.098	0.03265
176.065	0.03265
176.034	0.03264
176.002	0.03264
175.971	0.03266
175.938	0.03264
175.906	0.03263
175.873	0.03263
175.84	0.03264
175.809	0.03262
175.776	0.03262
175.745	0.0326
175.712	0.03261
175.681	0.0326
175.648	0.03259
175.617	0.03261
175.584	0.03259
175.552	0.03259
175.519	0.03259
175.487	0.03258
175.457	0.03259
175.425	0.03258
175.395	0.03258
175.363	0.03257
175.332	0.03255
175.299	0.03256
175.269	0.03255
175.237	0.03255
175.207	0.03255
175.174	0.03254
175.143	0.03254
175.109	0.03254
175.076	0.03254
175.045	0.03252
175.012	0.03253
174.981	0.03251
174.947	0.03251
174.916	0.03251
174.883	0.0325
174.851	0.03251
174.818	0.03251
174.787	0.0325
174.754	0.0325
174.72	0.03249
174.689	0.0325
174.656	0.03249
174.626	0.03248
174.593	0.03247
174.563	0.03247
174.531	0.03247
174.501	0.03247
174.469	0.03247
174.439	0.03245
174.407	0.03245
174.374	0.03245
174.344	0.03244
174.312	0.03244
174.282	0.03244
174.25	0.03242
174.219	0.03243
174.187	0.03242
174.156	0.03243
174.123	0.03242
174.093	0.03241
174.06	0.03241
174.03	0.03241
173.998	0.03239
173.965	0.03241
173.935	0.0324
173.902	0.03239
173.871	0.0324
173.839	0.03238
173.808	0.03238
173.776	0.03238
173.746	0.03238
173.713	0.03237
173.681	0.03236
173.65	0.03235
173.618	0.03235
173.586	0.03236
173.554	0.03235
173.523	0.03235
173.491	0.03234
173.461	0.03234
173.428	0.03234
173.398	0.03232
173.366	0.03231
173.336	0.03232
173.303	0.03231
173.273	0.03231
173.24	0.03232
173.208	0.03231
173.178	0.03231
173.146	0.03229
173.116	0.03229
173.084	0.0323
173.054	0.03229
173.022	0.03229
172.992	0.03229
172.959	0.03229
172.93	0.03227
172.899	0.03228
172.866	0.03228
172.835	0.03226
172.803	0.03226
172.773	0.03226
172.74	0.03226
172.71	0.03226
172.677	0.03225
172.647	0.03224
172.614	0.03225
172.583	0.03223
172.551	0.03222
172.518	0.03223
172.488	0.03223
172.455	0.03221
172.425	0.03222
172.392	0.03221
172.361	0.03222
172.328	0.0322
172.297	0.03219
172.264	0.0322
172.233	0.03219
172.199	0.03219
172.168	0.03218
172.135	0.03219
172.105	0.03218
172.072	0.03218
172.04	0.03217
172.009	0.03218
171.977	0.03217
171.946	0.03216
171.915	0.03217
171.885	0.03216
171.853	0.03215
171.823	0.03214
171.791	0.03214
171.761	0.03214
171.729	0.03214
171.698	0.03213
171.668	0.03214
171.635	0.03213
171.604	0.03211
171.572	0.03212
171.542	0.03211
171.509	0.03211
171.478	0.03211
171.446	0.0321
171.416	0.03209
171.383	0.0321
171.353	0.03209
171.32	0.0321
171.287	0.03208
171.257	0.03207
171.225	0.03208
171.195	0.03207
171.163	0.03207
171.132	0.03207
171.1	0.03206
171.071	0.03206
171.038	0.03205
171.008	0.03205
170.976	0.03205
170.944	0.03204
170.914	0.03204
170.882	0.03203
170.852	0.03202
170.82	0.03204
170.79	0.03202
170.758	0.03201
170.728	0.03203
170.696	0.03202
170.665	0.03202
170.634	0.03202
170.601	0.032
170.57	0.03199
170.537	0.03199
170.507	0.03199
170.474	0.032
170.443	0.03198
170.411	0.03199
170.38	0.03198
170.347	0.03198
170.317	0.03198
170.285	0.03197
170.252	0.03196
170.222	0.03197
170.19	0.03196
170.16	0.03196
170.127	0.03194
170.097	0.03194
170.065	0.03193
170.035	0.03194
170.003	0.03195
169.973	0.03193
169.941	0.03193
169.91	0.03194
169.878	0.03194
169.845	0.03192
169.815	0.03193
169.781	0.03191
169.749	0.03191
169.715	0.03189
169.684	0.0319
169.65	0.0319
169.619	0.0319
169.587	0.0319
169.557	0.03189
169.525	0.03189
169.495	0.03188
169.463	0.03188
169.431	0.03187
169.401	0.03187
169.37	0.03187
169.34	0.03186
169.309	0.03186
169.279	0.03187
169.247	0.03185
169.217	0.03184
169.186	0.03184
169.157	0.03184
169.126	0.03184
169.094	0.03182
169.064	0.03183
169.032	0.03182
169.002	0.03183
168.97	0.03182
168.94	0.03181
168.908	0.03182
168.879	0.03181
168.847	0.03181
168.817	0.03181
168.785	0.0318
168.753	0.0318
168.723	0.03179
168.691	0.03179
168.661	0.03178
168.63	0.03178
168.6	0.03179
168.567	0.03176
168.537	0.03177
168.505	0.03177
168.475	0.03176
168.442	0.03177
168.411	0.03175
168.379	0.03174
168.345	0.03176
168.314	0.03174
168.281	0.03174
168.251	0.03174
168.218	0.03172
168.188	0.03173
168.156	0.03173
168.126	0.03172
168.093	0.03173
168.063	0.03171
168.03	0.03171
167.998	0.03171
167.965	0.03171
167.932	0.0317
167.902	0.0317
167.87	0.03169
167.84	0.0317
167.807	0.03169
167.778	0.03169
167.746	0.03168
167.716	0.03167
167.682	0.03167
167.651	0.03168
167.618	0.03167
167.585	0.03166
167.554	0.03165
167.522	0.03165
167.491	0.03165
167.459	0.03164
167.428	0.03165
167.395	0.03164
167.365	0.03164
167.332	0.03164
167.301	0.03163
167.268	0.03163
167.238	0.03162
167.204	0.03163
167.17	0.03162
167.14	0.0316
167.107	0.03161
167.076	0.0316
167.043	0.03161
167.013	0.0316
166.979	0.0316
166.948	0.0316
166.915	0.0316
166.885	0.03159
166.852	0.03159
166.82	0.03158
166.791	0.03158
166.759	0.03157
166.73	0.03157
166.699	0.03157
166.67	0.03156
166.638	0.03156
166.609	0.03154
166.578	0.03156
166.548	0.03154
166.516	0.03153
166.487	0.03154
166.456	0.03154
166.423	0.03153
166.393	0.03153
166.361	0.03153
166.331	0.03153
166.298	0.03151
166.268	0.0315
166.235	0.03152
166.206	0.03152
166.173	0.0315
166.143	0.0315
166.111	0.03149
166.079	0.03149
166.049	0.0315
166.018	0.03149
165.989	0.03148
165.957	0.03148
165.928	0.03148
165.897	0.03147
165.867	0.03146
165.835	0.03146
165.806	0.03146
165.774	0.03145
165.744	0.03146
165.712	0.03145
165.681	0.03145
165.649	0.03144
165.617	0.03144
165.587	0.03143
165.555	0.03143
165.525	0.03142
165.493	0.03143
165.463	0.03142
165.431	0.03142
165.401	0.03141
165.369	0.0314
165.338	0.03142
165.306	0.0314
165.276	0.03141
165.244	0.03142
165.211	0.03139
165.181	0.03139
165.149	0.03139
165.119	0.03139
165.087	0.03138
165.054	0.03137
165.025	0.03138
164.995	0.03138
164.963	0.03137
164.934	0.03137
164.901	0.03136
164.869	0.03136
164.839	0.03136
164.807	0.03135
164.777	0.03135
164.745	0.03135
164.715	0.03134
164.683	0.03134
164.653	0.03134
164.621	0.03133
164.591	0.03133
164.559	0.03133
164.528	0.03131
164.498	0.03133
164.467	0.03132
164.437	0.03132
164.405	0.03131
164.376	0.03131
164.344	0.0313
164.314	0.0313
164.281	0.0313
164.25	0.03129
164.216	0.03128
164.184	0.03129
164.149	0.03128
164.115	0.03128
164.084	0.03127
164.051	0.03127
164.02	0.03126
163.987	0.03126
163.956	0.03126
163.923	0.03126
163.891	0.03125
163.861	0.03125
163.83	0.03125
163.797	0.03123
163.763	0.03124
163.733	0.03123
163.7	0.03123
163.67	0.03124
163.638	0.03123
163.609	0.03122
163.578	0.03122
163.549	0.03121
163.518	0.03123
163.488	0.03121
163.457	0.0312
163.428	0.0312
163.397	0.0312
163.365	0.0312
163.336	0.03118
163.305	0.03118
163.276	0.03119
163.245	0.03119
163.216	0.03118
163.184	0.03117
163.154	0.03117
163.122	0.03118
163.093	0.03116
163.061	0.03116
163.031	0.03114
163	0.03116
162.968	0.03116
162.938	0.03116
162.906	0.03115
162.877	0.03115
162.844	0.03114
162.815	0.03114
162.784	0.03113
162.755	0.03112
162.723	0.03114
162.695	0.03112
162.663	0.03113
162.632	0.0311
162.602	0.03111
162.571	0.03112
162.541	0.03111
162.51	0.03111
162.481	0.03111
162.449	0.0311
162.42	0.03109
162.389	0.03109
162.359	0.03108
162.327	0.03108
162.297	0.03107
162.264	0.03107
162.232	0.03106
162.201	0.03107
162.169	0.03107
162.139	0.03107
162.107	0.03106
162.078	0.03105
162.046	0.03105
162.017	0.03105
161.985	0.03105
161.956	0.03104
161.924	0.03104
161.892	0.03103
161.862	0.03104
161.83	0.03103
161.8	0.03103
161.768	0.03103
161.738	0.03102
161.706	0.03102
161.677	0.03102
161.645	0.03101
161.615	0.03101
161.582	0.03101
161.549	0.03099
161.518	0.03101
161.485	0.031
161.455	0.03099
161.422	0.03099
161.392	0.03099
161.36	0.03098
161.33	0.03097
161.297	0.03097
161.267	0.03097
161.234	0.03095
161.202	0.03097
161.173	0.03096
161.141	0.03096
161.111	0.03097
161.079	0.03094
161.049	0.03095
161.017	0.03095
160.987	0.03095
160.954	0.03093
160.924	0.03095
160.892	0.03095
160.862	0.03094
160.83	0.03091
160.798	0.03092
160.768	0.03093
160.737	0.03092
160.706	0.03092
160.675	0.03091
160.645	0.0309
160.613	0.0309
160.583	0.03089
160.551	0.03091
160.519	0.03091
160.489	0.03088
160.46	0.0309
160.429	0.03088
160.397	0.03088
160.367	0.03088
160.335	0.03088
160.306	0.03088
160.274	0.03087
160.245	0.03087
160.213	0.03087
160.183	0.03087
160.15	0.03085
160.12	0.03087
160.088	0.03085
160.056	0.03086
160.026	0.03085
159.994	0.03085
159.964	0.03085
159.932	0.03083
159.901	0.03084
159.869	0.03084
159.839	0.03082
159.807	0.03082
159.777	0.03082
159.745	0.03082
159.715	0.03082
159.684	0.03082
159.653	0.03081
159.623	0.03081
159.592	0.0308
159.563	0.0308
159.532	0.03079
159.502	0.03079
159.47	0.03079
159.44	0.03079
159.409	0.0308
159.378	0.03078
159.348	0.03078
159.318	0.03079
159.286	0.03077
159.254	0.03077
159.224	0.03076
159.191	0.03076
159.16	0.03076
159.127	0.03074
159.096	0.03074
159.064	0.03074
159.033	0.03074
159.002	0.03073
158.972	0.03073
158.94	0.03073
158.908	0.03074
158.877	0.03073
158.846	0.03072
158.816	0.03072
158.785	0.03071
158.756	0.03072
158.724	0.03071
158.695	0.0307
158.664	0.03071
158.635	0.03071
158.603	0.0307
158.574	0.03069
158.542	0.03069
158.509	0.0307
158.479	0.03068
158.447	0.03068
158.416	0.03069
158.383	0.03067
158.352	0.03067
158.32	0.03068
158.289	0.03066
158.257	0.03069
158.226	0.03066
158.193	0.03067
158.16	0.03067
158.13	0.03065
158.097	0.03065
158.067	0.03064
158.033	0.03065
158.002	0.03064
157.97	0.03064
157.94	0.03064
157.908	0.03064
157.877	0.03062
157.845	0.03062
157.813	0.03062
157.783	0.03062
157.751	0.03061
157.721	0.03061
157.69	0.03061
157.661	0.03062
157.63	0.03061
157.6	0.03061
157.569	0.0306
157.54	0.03059
157.508	0.03059
157.479	0.03059
157.447	0.0306
157.414	0.03058
157.383	0.03059
157.351	0.03059
157.32	0.03057
157.287	0.03057
157.257	0.03056
157.224	0.03056
157.195	0.03056
157.164	0.03055
157.134	0.03055
157.103	0.03056
157.072	0.03054
157.043	0.03054
157.012	0.03055
156.982	0.03053
156.951	0.03054
156.923	0.03052
156.891	0.03053
156.861	0.03052
156.83	0.03053
156.8	0.03053
156.768	0.03052
156.737	0.03052
156.705	0.03051
156.673	0.03052
156.642	0.03051
156.608	0.0305
156.578	0.0305
156.545	0.03049
156.515	0.0305
156.482	0.03049
156.452	0.03048
156.419	0.03047
156.39	0.03048
156.358	0.03048
156.326	0.03047
156.294	0.03048
156.261	0.03049
156.23	0.03048
156.196	0.03046
156.165	0.03045
156.132	0.03045
156.102	0.03046
156.07	0.03045
156.04	0.03046
156.008	0.03046
155.979	0.03044
155.947	0.03044
155.915	0.03042
155.884	0.03044
155.851	0.03044
155.82	0.03042
155.788	0.03043
155.758	0.03042
155.726	0.03042
155.697	0.03043
155.664	0.03042
155.634	0.0304
155.601	0.03041
155.571	0.03041
155.537	0.03042
155.504	0.03041
155.473	0.0304
155.44	0.0304
155.41	0.03038
155.378	0.03039
155.347	0.03039
155.316	0.03038
155.286	0.03038
155.255	0.03037
155.223	0.03036
155.193	0.03038
155.161	0.03036
155.13	0.03037
155.098	0.03036
155.068	0.03036
155.035	0.03036
155.005	0.03036
154.974	0.03034
154.945	0.03035
154.914	0.03034
154.886	0.03034
154.856	0.03034
154.826	0.03033
154.797	0.03033
154.767	0.03033
154.737	0.03033
154.706	0.03032
154.678	0.03032
154.647	0.03031
154.618	0.0303
154.585	0.03032
154.555	0.03032
154.523	0.03031
154.493	0.0303
154.462	0.0303
154.43	0.03028
154.401	0.0303
154.369	0.03029
154.34	0.03028
154.308	0.03029
154.277	0.03027
154.245	0.03028
154.215	0.03028
154.183	0.03026
154.154	0.03026
154.122	0.03027
154.091	0.03025
154.062	0.03027
154.031	0.03026
154.001	0.03027
153.969	0.03026
153.939	0.03024
153.907	0.03024
153.876	0.03025
153.844	0.03024
153.814	0.03024
153.782	0.03024
153.75	0.03023
153.72	0.03023
153.688	0.03022
153.658	0.03023
153.626	0.03022
153.596	0.03021
153.563	0.03021
153.533	0.03021
153.5	0.03021
153.469	0.03021
153.436	0.0302
153.405	0.03021
153.372	0.03019
153.339	0.0302
153.309	0.03019
153.276	0.03019
153.246	0.03019
153.215	0.03018
153.185	0.03018
153.151	0.03017
153.12	0.03017
153.088	0.03017
153.058	0.03016
153.026	0.03016
152.997	0.03016
152.965	0.03016
152.934	0.03015
152.905	0.03015
152.874	0.03016
152.845	0.03014
152.814	0.03014
152.785	0.03014
152.753	0.03014
152.723	0.03014
152.691	0.03014
152.662	0.03014
152.63	0.03013
152.598	0.03013
152.568	0.03012
152.537	0.03012
152.507	0.0301
152.476	0.0301
152.447	0.0301
152.416	0.0301
152.387	0.03009
152.355	0.0301
152.325	0.0301
152.293	0.03008
152.264	0.0301
152.232	0.03007
152.201	0.0301
152.172	0.03009
152.14	0.03009
152.111	0.03007
152.079	0.03007
152.05	0.03007
152.018	0.03008
151.988	0.03007
151.955	0.03007
151.925	0.03006
151.892	0.03006
151.862	0.03006
151.83	0.03005
151.797	0.03005
151.767	0.03004
151.736	0.03006
151.707	0.03004
151.674	0.03004
151.644	0.03003
151.612	0.03005
151.582	0.03002
151.55	0.03002
151.52	0.03002
151.488	0.03001
151.455	0.03001
151.425	0.03001
151.391	0.03001
151.361	0.03002
151.328	0.03001
151.298	0.03
151.265	0.03
151.235	0.03
151.203	0.03
151.174	0.02998
151.142	0.02998
151.112	0.02998
151.081	0.02998
151.049	0.02998
151.02	0.02998
150.988	0.02997
150.957	0.02998
150.925	0.02998
150.895	0.02996
150.863	0.02996
150.833	0.02996
150.8	0.02997
150.77	0.02996
150.737	0.02995
150.707	0.02995
150.675	0.02996
150.644	0.02994
150.615	0.02994
150.584	0.02993
150.555	0.02993
150.524	0.02993
150.495	0.02992
150.463	0.02993
150.434	0.02994
150.401	0.02992
150.372	0.02993
150.339	0.02993
150.307	0.02992
150.278	0.02991
150.245	0.0299
150.214	0.02991
150.182	0.02991
150.151	0.0299
150.118	0.0299
150.088	0.0299
150.055	0.02989
150.025	0.02989
149.993	0.02989
149.963	0.02989
149.931	0.0299
149.899	0.02987
149.868	0.02989
149.836	0.02988
149.805	0.02988
149.772	0.02986
149.743	0.02985
149.711	0.02985
149.68	0.02986
149.652	0.02986
149.623	0.02985
149.592	0.02985
149.56	0.02985
149.532	0.02985
149.501	0.02985
149.472	0.02984
149.441	0.02985
149.412	0.02986
149.381	0.02984
149.352	0.02984
149.321	0.02983
149.291	0.02985
149.26	0.02983
149.228	0.02983
149.199	0.02982
149.167	0.02982
149.137	0.02981
149.104	0.02982
149.074	0.02981
149.041	0.02981
149.01	0.02982
148.977	0.02982
148.947	0.02981
148.914	0.0298
148.88	0.0298
148.849	0.0298
148.815	0.02979
148.783	0.02979
148.75	0.02979
148.718	0.02978
148.685	0.02979
148.654	0.02979
148.621	0.02977
148.591	0.02978
148.559	0.02978
148.528	0.02976
148.496	0.02977
148.464	0.02976
148.433	0.02977
148.401	0.02976
148.371	0.02975
148.341	0.02977
148.312	0.02975
148.281	0.02976
148.251	0.02975
148.22	0.02975
148.191	0.02975
148.16	0.02975
148.128	0.02974
148.098	0.02974
148.066	0.02973
148.037	0.02974
148.006	0.02973
147.976	0.02972
147.944	0.02972
147.914	0.02973
147.882	0.02973
147.852	0.02972
147.82	0.02973
147.79	0.02972
147.758	0.02972
147.725	0.02971
147.693	0.0297
147.66	0.0297
147.629	0.02969
147.596	0.0297
147.565	0.0297
147.531	0.0297
147.501	0.02968
147.469	0.0297
147.439	0.02968
147.408	0.0297
147.38	0.02969
147.349	0.02969
147.319	0.02967
147.29	0.02968
147.26	0.02968
147.231	0.02967
147.199	0.02967
147.17	0.02965
147.138	0.02966
147.108	0.02966
147.078	0.02966
147.049	0.02964
147.018	0.02964
146.988	0.02964
146.957	0.02965
146.925	0.02964
146.894	0.02963
146.861	0.02963
146.828	0.02963
146.794	0.02963
146.762	0.02963
146.727	0.02963
146.696	0.02961
146.662	0.02961
146.631	0.02962
146.597	0.02962
146.566	0.02962
146.532	0.02962
146.498	0.0296
146.466	0.02961
146.434	0.0296
146.403	0.02961
146.37	0.0296
146.339	0.02961
146.307	0.02959
146.276	0.0296
146.244	0.0296
146.215	0.0296
146.184	0.02959
146.152	0.02958
146.123	0.02958
146.091	0.02958
146.062	0.02958
146.03	0.02957
146.001	0.02957
145.969	0.02958
145.94	0.02957
145.908	0.02956
145.879	0.02957
145.847	0.02956
145.818	0.02957
145.785	0.02955
145.752	0.02954
145.722	0.02956
145.69	0.02955
145.659	0.02954
145.626	0.02954
145.595	0.02954
145.562	0.02953
145.532	0.02953
145.5	0.02952
145.469	0.02953
145.435	0.02953
145.402	0.02952
145.371	0.02953
145.337	0.02952
145.306	0.02951
145.273	0.02951
145.242	0.0295
145.21	0.02951
145.18	0.0295
145.149	0.02951
145.119	0.0295
145.086	0.0295
145.056	0.0295
145.024	0.0295
144.992	0.0295
144.961	0.0295
144.928	0.02948
144.897	0.02948
144.863	0.02948
144.832	0.02948
144.799	0.02946
144.769	0.02947
144.737	0.02947
144.707	0.02947
144.676	0.02945
144.646	0.02946
144.613	0.02945
144.58	0.02946
144.55	0.02947
144.517	0.02946
144.488	0.02947
144.457	0.02945
144.427	0.02944
144.396	0.02944
144.366	0.02945
144.335	0.02945
144.304	0.02945
144.272	0.02944
144.239	0.02942
144.207	0.02943
144.173	0.02943
144.142	0.02943
144.109	0.02941
144.079	0.02942
144.046	0.02941
144.016	0.02941
143.983	0.0294
143.953	0.02941
143.921	0.02941
143.891	0.02938
143.859	0.02939
143.828	0.02939
143.798	0.02939
143.765	0.0294
143.735	0.02939
143.701	0.02939
143.669	0.02939
143.635	0.02938
143.603	0.02939
143.57	0.02938
143.539	0.02937
143.506	0.02937
143.476	0.02937
143.443	0.02937
143.411	0.02936
143.381	0.02936
143.349	0.02936
143.32	0.02937
143.288	0.02937
143.257	0.02937
143.224	0.02935
143.193	0.02935
143.16	0.02935
143.128	0.02935
143.094	0.02934
143.059	0.02935
143.026	0.02935
142.992	0.02935
142.96	0.02935
142.927	0.02935
142.897	0.02933
142.865	0.02934
142.834	0.02931
142.802	0.02933
142.772	0.02931
142.74	0.02932
142.71	0.02931
142.677	0.02932
142.643	0.02931
142.612	0.02931
142.579	0.02931
142.548	0.02931
142.516	0.0293
142.486	0.02931
142.454	0.0293
142.424	0.02929
142.392	0.0293
142.363	0.0293
142.331	0.02929
142.302	0.02929
142.271	0.02928
142.24	0.02928
142.211	0.02928
142.179	0.02928
142.15	0.02928
142.119	0.02928
142.089	0.02928
142.057	0.02926
142.027	0.02926
141.995	0.02926
141.966	0.02925
141.934	0.02926
141.902	0.02926
141.872	0.02926
141.84	0.02925
141.81	0.02925
141.776	0.02924
141.744	0.02925
141.71	0.02924
141.678	0.02923
141.645	0.02923
141.615	0.02922
141.583	0.02923
141.553	0.02923
141.523	0.02922
141.493	0.02922
141.464	0.02921
141.434	0.02923
141.406	0.02922
141.375	0.02922
141.346	0.02921
141.314	0.02921
141.285	0.02922
141.253	0.02922
141.224	0.02921
141.192	0.0292
141.16	0.02919
141.131	0.02921
141.098	0.0292
141.068	0.02918
141.037	0.02919
141.008	0.02918
140.976	0.02918
140.946	0.02918
140.914	0.02918
140.885	0.02917
140.854	0.02918
140.824	0.02917
140.795	0.02916
140.765	0.02916
140.736	0.02916
140.704	0.02916
140.675	0.02916
140.643	0.02916
140.614	0.02916
140.582	0.02916
140.553	0.02916
140.521	0.02915
140.491	0.02915
140.46	0.02915
140.429	0.02914
140.4	0.02914
140.368	0.02914
140.338	0.02914
140.306	0.02913
140.276	0.02913
140.243	0.02913
140.212	0.02912
140.179	0.02912
140.149	0.02912
140.116	0.02912
140.085	0.02912
140.052	0.02914
140.02	0.02911
139.989	0.0291
139.957	0.02913
139.927	0.0291
139.895	0.02912
139.866	0.0291
139.834	0.0291
139.804	0.0291
139.772	0.0291
139.743	0.02909
139.712	0.02909
139.68	0.02907
139.652	0.02908
139.62	0.02908
139.59	0.02908
139.557	0.02908
139.526	0.02907
139.492	0.02908
139.461	0.02906
139.429	0.02908
139.399	0.02906
139.367	0.02906
139.334	0.02906
139.304	0.02905
139.272	0.02906
139.242	0.02905
139.21	0.02905
139.181	0.02906
139.15	0.02906
139.121	0.02904
139.09	0.02905
139.06	0.02904
139.028	0.02905
138.995	0.02904
138.965	0.02904
138.933	0.02905
138.902	0.02904
138.87	0.02903
138.839	0.02902
138.805	0.02904
138.775	0.02902
138.744	0.02903
138.714	0.02901
138.684	0.02903
138.656	0.02902
138.625	0.02901
138.595	0.02901
138.565	0.02902
138.534	0.029
138.503	0.02901
138.471	0.029
138.44	0.02901
138.409	0.02899
138.379	0.02901
138.346	0.02899
138.315	0.029
138.282	0.029
138.251	0.02898
138.222	0.02899
138.191	0.02898
138.162	0.02897
138.132	0.02898
138.104	0.02897
138.074	0.02898
138.046	0.02897
138.017	0.02896
137.989	0.02896
137.961	0.02897
137.933	0.02896
137.903	0.02897
137.872	0.02895
137.843	0.02897
137.81	0.02895
137.779	0.02894
137.745	0.02895
137.714	0.02894
137.68	0.02895
137.65	0.02893
137.616	0.02894
137.586	0.02894
137.554	0.02894
137.524	0.02893
137.491	0.02893
137.459	0.02891
137.428	0.02892
137.397	0.02893
137.367	0.02893
137.335	0.02892
137.307	0.02893
137.276	0.02893
137.246	0.02892
137.213	0.02891
137.182	0.0289
137.15	0.02891
137.119	0.02891
137.091	0.02891
137.059	0.0289
137.03	0.02889
136.998	0.02889
136.969	0.0289
136.939	0.02889
136.911	0.02889
136.881	0.02889
136.853	0.02888
136.823	0.02889
136.793	0.02887
136.766	0.02888
136.735	0.02888
136.706	0.02887
136.674	0.02888
136.644	0.02888
136.611	0.02887
136.58	0.02886
136.546	0.02887
136.514	0.02887
136.478	0.02886
136.445	0.02886
136.41	0.02886
136.375	0.02885
136.342	0.02886
136.308	0.02886
136.276	0.02885
136.243	0.02885
136.211	0.02883
136.178	0.02883
136.146	0.02885
136.114	0.02884
136.084	0.02884
136.052	0.02883
136.021	0.02882
135.992	0.02884
135.961	0.02883
135.932	0.02883
135.9	0.02882
135.87	0.02881
135.836	0.02882
135.804	0.02881
135.77	0.0288
135.739	0.02882
135.705	0.0288
135.674	0.02881
135.642	0.02881
135.61	0.02881
135.579	0.02881
135.547	0.0288
135.516	0.02879
135.484	0.0288
135.455	0.02878
135.424	0.02879
135.396	0.02878
135.366	0.02878
135.338	0.0288
135.307	0.02878
135.276	0.02878
135.248	0.02877
135.217	0.02876
135.188	0.02878
135.156	0.02878
135.126	0.02877
135.094	0.02877
135.063	0.02877
135.03	0.02877
135	0.02877
134.968	0.02876
134.938	0.02876
134.905	0.02874
134.872	0.02876
134.842	0.02875
134.81	0.02875
134.779	0.02874
134.745	0.02874
134.714	0.02874
134.681	0.02874
134.65	0.02874
134.618	0.02874
134.587	0.02873
134.553	0.02874
134.519	0.02874
134.488	0.02872
134.455	0.02871
134.425	0.02873
134.393	0.02871
134.363	0.02872
134.33	0.02871
134.3	0.02874
134.268	0.02872
134.235	0.02871
134.202	0.0287
134.168	0.02871
134.137	0.0287
134.103	0.02869
134.072	0.02871
134.038	0.02869
134.006	0.02871
133.971	0.0287
133.94	0.0287
133.907	0.0287
133.876	0.02869
133.843	0.02868
133.814	0.02868
133.782	0.02869
133.751	0.02869
133.722	0.02868
133.691	0.02868
133.663	0.02869
133.632	0.02867
133.603	0.02868
133.571	0.02866
133.543	0.02867
133.513	0.02867
133.484	0.02866
133.454	0.02865
133.424	0.02865
133.395	0.02865
133.364	0.02866
133.336	0.02866
133.304	0.02864
133.275	0.02864
133.243	0.02864
133.213	0.02864
133.18	0.02864
133.15	0.02863
133.118	0.02864
133.086	0.02863
133.056	0.02863
133.024	0.02864
132.994	0.02863
132.961	0.02862
132.931	0.02864
132.9	0.02861
132.87	0.02862
132.838	0.02862
132.808	0.02862
132.776	0.02863
132.746	0.02862
132.713	0.02862
132.679	0.02861
132.647	0.02862
132.614	0.02859
132.583	0.02861
132.548	0.0286
132.517	0.02859
132.483	0.0286
132.452	0.0286
132.419	0.02859
132.388	0.0286
132.356	0.02859
132.326	0.02859
132.294	0.02858
132.262	0.02858
132.231	0.02858
132.2	0.02859
132.169	0.02857
132.137	0.02858
132.106	0.02857
132.072	0.02856
132.041	0.02858
132.008	0.02856
131.977	0.02857
131.945	0.02857
131.913	0.02857
131.884	0.02857
131.85	0.02856
131.819	0.02855
131.785	0.02855
131.755	0.02855
131.722	0.02855
131.692	0.02853
131.661	0.02855
131.632	0.02855
131.602	0.02853
131.574	0.02855
131.543	0.02853
131.512	0.02853
131.481	0.02854
131.448	0.02853
131.416	0.02853
131.383	0.02853
131.353	0.02853
131.322	0.02854
131.294	0.02852
131.264	0.02852
131.235	0.02851
131.203	0.02851
131.172	0.02852
131.139	0.02851
131.107	0.02851
131.076	0.02851
131.043	0.02851
131.012	0.02851
130.98	0.02849
130.95	0.02849
130.918	0.0285
130.889	0.02851
130.857	0.02849
130.827	0.02851
130.795	0.02849
130.762	0.02849
130.732	0.02848
130.698	0.02848
130.667	0.02848
130.633	0.02847
130.603	0.02848
130.57	0.02847
130.539	0.02847
130.506	0.02847
130.475	0.02848
130.442	0.02846
130.408	0.02847
130.378	0.02846
130.345	0.02846
130.314	0.02845
130.281	0.02846
130.25	0.02846
130.217	0.02847
130.185	0.02846
130.153	0.02845
130.122	0.02844
130.089	0.02845
130.058	0.02845
130.024	0.02844
129.99	0.02845
129.959	0.02844
129.926	0.02845
129.896	0.02844
129.864	0.02843
129.834	0.02844
129.803	0.02842
129.773	0.02843
129.741	0.02843
129.712	0.02842
129.68	0.02842
129.648	0.02841
129.617	0.02843
129.584	0.02842
129.553	0.02841
129.521	0.02843
129.49	0.0284
129.457	0.0284
129.426	0.02841
129.394	0.0284
129.363	0.0284
129.329	0.02841
129.298	0.02841
129.265	0.02841
129.232	0.02841
129.202	0.02839
129.17	0.02839
129.14	0.0284
129.108	0.0284
129.076	0.02839
129.042	0.02838
129.011	0.02839
128.976	0.02838
128.946	0.02839
128.913	0.02839
128.882	0.02839
128.849	0.02837
128.817	0.02838
128.787	0.02837
128.754	0.02837
128.724	0.02836
128.691	0.02837
128.66	0.02835
128.626	0.02837
128.594	0.02837
128.56	0.02835
128.528	0.02836
128.494	0.02836
128.46	0.02836
128.427	0.02835
128.393	0.02835
128.362	0.02834
128.331	0.02836
128.301	0.02835
128.27	0.02834
128.241	0.02834
128.21	0.02835
128.182	0.02834
128.151	0.02833
128.122	0.02834
128.091	0.02834
128.061	0.02833
128.031	0.02833
127.998	0.02832
127.968	0.02832
127.934	0.02831
127.903	0.02832
127.869	0.02832
127.837	0.02832
127.802	0.02832
127.772	0.02833
127.738	0.02832
127.704	0.02832
127.674	0.0283
127.643	0.02831
127.615	0.0283
127.585	0.02831
127.559	0.0283
127.53	0.0283
127.503	0.0283
127.473	0.0283
127.445	0.0283
127.415	0.02831
127.387	0.02828
127.355	0.0283
127.322	0.02829
127.29	0.02829
127.256	0.0283
127.225	0.02828
127.192	0.02828
127.162	0.02829
127.131	0.02828
127.101	0.02827
127.069	0.02828
127.04	0.02827
127.007	0.02829
126.976	0.02826
126.943	0.02827
126.908	0.02827
126.876	0.02826
126.842	0.02827
126.811	0.02826
126.779	0.02826
126.75	0.02826
126.719	0.02825
126.691	0.02825
126.659	0.02825
126.628	0.02825
126.595	0.02825
126.56	0.02826
126.528	0.02824
126.495	0.02824
126.464	0.02824
126.431	0.02823
126.401	0.02824
126.368	0.02825
126.337	0.02823
126.303	0.02823
126.271	0.02824
126.238	0.02822
126.209	0.02822
126.177	0.02824
126.145	0.02822
126.114	0.02822
126.08	0.02822
126.047	0.02821
126.012	0.02822
125.981	0.02822
125.948	0.02821
125.918	0.0282
125.886	0.02821
125.855	0.02821
125.823	0.0282
125.793	0.0282
125.761	0.0282
125.729	0.0282
125.699	0.02819
125.667	0.02819
125.636	0.0282
125.603	0.02818
125.573	0.02819
125.54	0.02818
125.508	0.02818
125.474	0.02819
125.442	0.02818
125.407	0.02819
125.373	0.02817
125.341	0.02817
125.309	0.02818
125.279	0.02819
125.248	0.02816
125.217	0.02817
125.184	0.02816
125.152	0.02816
125.117	0.02817
125.085	0.02816
125.052	0.02815
125.022	0.02817
124.989	0.02817
124.956	0.02816
124.925	0.02816
124.892	0.02816
124.861	0.02815
124.826	0.02816
124.793	0.02816
124.759	0.02814
124.726	0.02815
124.692	0.02814
124.661	0.02813
124.628	0.02812
124.596	0.02814
124.566	0.02814
124.533	0.02814
124.503	0.02812
124.471	0.02814
124.442	0.02813
124.41	0.02813
124.38	0.02813
124.347	0.02813
124.317	0.02813
124.286	0.02812
124.255	0.02812
124.227	0.02811
124.198	0.02811
124.171	0.02811
124.14	0.0281
124.111	0.02811
124.078	0.02812
124.047	0.02812
124.014	0.0281
123.981	0.0281
123.946	0.02809
123.912	0.02811
123.878	0.0281
123.843	0.0281
123.812	0.0281
123.778	0.0281
123.745	0.02809
123.711	0.0281
123.679	0.02809
123.645	0.02809
123.614	0.02808
123.58	0.0281
123.548	0.02808
123.515	0.02808
123.484	0.02808
123.451	0.02808
123.416	0.02807
123.384	0.02808
123.35	0.02809
123.319	0.02807
123.285	0.02808
123.254	0.02806
123.219	0.02808
123.185	0.02806
123.154	0.02806
123.123	0.02806
123.09	0.02806
123.06	0.02805
123.028	0.02806
122.995	0.02806
122.964	0.02804
122.931	0.02806
122.901	0.02806
122.868	0.02805
122.839	0.02805
122.807	0.02805
122.779	0.02804
122.748	0.02804
122.718	0.02804
122.686	0.02805
122.656	0.02803
122.624	0.02804
122.592	0.02804
122.562	0.02804
122.528	0.02804
122.497	0.02804
122.464	0.02804
122.433	0.02803
122.399	0.02801
122.367	0.02802
122.333	0.02802
122.302	0.02802
122.269	0.02803
122.238	0.02801
122.207	0.02801
122.175	0.02801
122.145	0.02802
122.112	0.028
122.081	0.02801
122.047	0.02802
122.013	0.028
121.982	0.02799
121.951	0.028
121.917	0.02799
121.885	0.028
121.85	0.028
121.817	0.028
121.786	0.028
121.754	0.02799
121.724	0.02799
121.692	0.02798
121.662	0.028
121.631	0.02798
121.6	0.02799
121.566	0.02798
121.533	0.02797
121.499	0.02799
121.466	0.02798
121.432	0.02798
121.4	0.02798
121.37	0.02798
121.338	0.02797
121.308	0.02799
121.275	0.02796
121.243	0.02798
121.208	0.02797
121.175	0.02797
121.139	0.02796
121.106	0.02796
121.071	0.02795
121.035	0.02796
121.002	0.02795
120.968	0.02795
120.936	0.02796
120.902	0.02795
120.87	0.02796
120.836	0.02795
120.803	0.02795
120.772	0.02795
120.741	0.02795
120.708	0.02795
120.674	0.02795
120.644	0.02793
120.611	0.02794
120.581	0.02793
120.549	0.02793
120.52	0.02794
120.488	0.02792
120.459	0.02793
120.428	0.02794
120.399	0.02793
120.368	0.02791
120.339	0.02792
120.308	0.02792
120.277	0.02792
120.247	0.02792
120.215	0.02792
120.185	0.02792
120.153	0.0279
120.123	0.02791
120.092	0.0279
120.062	0.02791
120.031	0.02791
120.001	0.02792
119.969	0.02791
119.937	0.02791
119.903	0.0279
119.867	0.02789
119.833	0.0279
119.795	0.02789
119.76	0.0279
119.723	0.0279
119.691	0.02788
119.657	0.02789
119.628	0.02786
119.595	0.02789
119.563	0.02788
119.529	0.02788
119.498	0.02788
119.464	0.02789
119.432	0.02788
119.403	0.02788
119.373	0.02788
119.345	0.02786
119.314	0.02789
119.284	0.02787
119.252	0.02787
119.224	0.02788
119.194	0.02788
119.165	0.02787
119.135	0.02787
119.105	0.02786
119.076	0.02787
119.046	0.02786
119.017	0.02787
118.986	0.02786
118.957	0.02786
118.927	0.02785
118.898	0.02784
118.867	0.02785
118.839	0.02785
118.809	0.02784
118.781	0.02785
118.751	0.02785
118.722	0.02782
118.691	0.02785
118.659	0.02783
118.629	0.02783
118.597	0.02784
118.567	0.02783
118.534	0.02783
118.505	0.02784
118.473	0.02784
118.443	0.02783
118.412	0.02783
118.384	0.02783
118.353	0.02783
118.32	0.02782
118.289	0.02782
118.256	0.02781
118.225	0.02781
118.19	0.02782
118.158	0.0278
118.124	0.02782
118.094	0.02782
118.062	0.0278
118.032	0.02781
117.999	0.02781
117.966	0.0278
117.936	0.02781
117.903	0.02779
117.872	0.02779
117.839	0.02779
117.807	0.02779
117.772	0.02781
117.741	0.0278
117.706	0.02778
117.674	0.02779
117.641	0.02779
117.611	0.02779
117.579	0.02779
117.548	0.02778
117.519	0.02778
117.486	0.02778
117.456	0.02778
117.422	0.02779
117.392	0.02776
117.361	0.02778
117.333	0.02777
117.302	0.02778
117.274	0.02778
117.243	0.02776
117.212	0.02778
117.182	0.02776
117.15	0.02777
117.119	0.02775
117.087	0.02776
117.058	0.02775
117.026	0.02776
116.995	0.02776
116.961	0.02776
116.928	0.02775
116.894	0.02774
116.862	0.02776
116.828	0.02775
116.795	0.02775
116.763	0.02776
116.73	0.02775
116.699	0.02775
116.666	0.02775
116.637	0.02775
116.605	0.02774
116.577	0.02774
116.546	0.02774
116.519	0.02773
116.488	0.02772
116.459	0.02773
116.426	0.02772
116.392	0.02771
116.362	0.02773
116.329	0.02772
116.299	0.02772
116.266	0.02773
116.237	0.02773
116.206	0.02773
116.175	0.02772
116.143	0.02771
116.114	0.02772
116.083	0.02772
116.053	0.02772
116.025	0.02772
115.995	0.02771
115.967	0.0277
115.934	0.02771
115.902	0.02771
115.866	0.0277
115.833	0.0277
115.799	0.02771
115.768	0.0277
115.735	0.02771
115.704	0.0277
115.669	0.02768
115.635	0.0277
115.603	0.02768
115.571	0.02771
115.54	0.02768
115.507	0.02768
115.476	0.02769
115.442	0.02767
115.411	0.02769
115.377	0.02768
115.346	0.02767
115.312	0.02768
115.279	0.02767
115.248	0.02767
115.216	0.02768
115.185	0.02766
115.151	0.02767
115.12	0.02767
115.086	0.02767
115.055	0.02766
115.022	0.02766
114.992	0.02767
114.96	0.02766
114.929	0.02767
114.896	0.02766
114.861	0.02767
114.83	0.02766
114.795	0.02766
114.763	0.02766
114.728	0.02765
114.696	0.02765
114.66	0.02764
114.627	0.02765
114.592	0.02764
114.561	0.02765
114.528	0.02764
114.496	0.02764
114.466	0.02763
114.433	0.02764
114.402	0.02763
114.367	0.02764
114.335	0.02763
114.301	0.02763
114.27	0.02764
114.237	0.02762
114.207	0.02763
114.175	0.02763
114.144	0.02763
114.112	0.02763
114.078	0.02762
114.047	0.02762
114.013	0.0276
113.982	0.02761
113.947	0.02762
113.914	0.02761
113.879	0.02763
113.846	0.02762
113.813	0.02761
113.784	0.02762
113.752	0.02761
113.721	0.0276
113.691	0.0276
113.659	0.0276
113.63	0.0276
113.599	0.0276
113.569	0.02759
113.537	0.0276
113.508	0.02759
113.475	0.0276
113.445	0.0276
113.412	0.02757
113.378	0.0276
113.346	0.02759
113.31	0.02758
113.277	0.02759
113.243	0.02757
113.211	0.02757
113.178	0.02758
113.147	0.02757
113.114	0.02758
113.084	0.02758
113.051	0.02758
113.019	0.02757
112.988	0.02758
112.955	0.02757
112.924	0.02757
112.89	0.02757
112.859	0.02756
112.826	0.02756
112.795	0.02757
112.763	0.02756
112.733	0.02756
112.701	0.02758
112.671	0.02755
112.637	0.02755
112.602	0.02756
112.569	0.02756
112.533	0.02757
112.501	0.02755
112.466	0.02754
112.432	0.02754
112.399	0.02755
112.368	0.02754
112.335	0.02754
112.304	0.02754
112.269	0.02755
112.235	0.02754
112.198	0.02754
112.161	0.02754
112.128	0.02754
112.093	0.02755
112.062	0.02754
112.029	0.02752
111.998	0.02755
111.967	0.02752
111.939	0.02753
111.909	0.02753
111.882	0.02752
111.851	0.02754
111.819	0.02752
111.788	0.02753
111.755	0.02754
111.721	0.02751
111.686	0.02752
111.654	0.02752
111.62	0.02751
111.589	0.0275
111.557	0.0275
111.528	0.02752
111.499	0.02752
111.471	0.0275
111.441	0.02751
111.409	0.0275
111.379	0.02751
111.346	0.0275
111.314	0.02749
111.279	0.02749
111.247	0.0275
111.213	0.0275
111.18	0.0275
111.146	0.0275
111.114	0.02749
111.08	0.02749
111.045	0.02749
111.014	0.02749
110.98	0.02749
110.948	0.02749
110.915	0.02748
110.884	0.02748
110.85	0.02749
110.819	0.02748
110.784	0.02748
110.752	0.02747
110.72	0.02747
110.689	0.02748
110.66	0.02747
110.629	0.02747
110.601	0.02746
110.57	0.02746
110.54	0.02747
110.509	0.02746
110.479	0.02746
110.444	0.02746
110.41	0.02746
110.374	0.02748
110.338	0.02745
110.304	0.02745
110.268	0.02745
110.235	0.02745
110.199	0.02745
110.166	0.02745
110.131	0.02745
110.099	0.02745
110.064	0.02743
110.031	0.02744
109.996	0.02744
109.961	0.02744
109.93	0.02744
109.897	0.02743
109.867	0.02742
109.834	0.02744
109.805	0.02743
109.773	0.02744
109.745	0.02743
109.716	0.02743
109.69	0.02742
109.661	0.02743
109.632	0.02742
109.605	0.02742
109.577	0.02742
109.548	0.02741
109.517	0.02742
109.487	0.02741
109.456	0.02742
109.427	0.02742
109.394	0.02742
109.364	0.02741
109.331	0.02741
109.302	0.0274
109.27	0.02742
109.238	0.02742
109.208	0.02741
109.174	0.0274
109.143	0.02741
109.109	0.02741
109.079	0.02741
109.047	0.02741
109.017	0.0274
108.984	0.02739
108.952	0.0274
108.919	0.02741
108.888	0.02739
108.855	0.02739
108.822	0.02739
108.791	0.0274
108.758	0.02738
108.727	0.02739
108.692	0.02737
108.66	0.02737
108.624	0.02738
108.591	0.02738
108.558	0.02739
108.528	0.02738
108.497	0.02738
108.468	0.02737
108.437	0.02737
108.405	0.02737
108.376	0.02737
108.341	0.02738
108.31	0.02736
108.275	0.02736
108.244	0.02737
108.21	0.02736
108.18	0.02735
108.146	0.02736
108.114	0.02736
108.078	0.02737
108.043	0.02734
108.011	0.02735
107.974	0.02735
107.94	0.02734
107.904	0.02735
107.87	0.02734
107.834	0.02735
107.801	0.02735
107.766	0.02735
107.734	0.02733
107.7	0.02732
107.669	0.02734
107.635	0.02732
107.601	0.02734
107.568	0.02735
107.534	0.02754
107.501	0.02753
107.467	0.02753
107.435	0.02753
107.4	0.02754
107.366	0.02753
107.33	0.02754
107.296	0.02754
107.262	0.02753
107.228	0.02753
107.198	0.02752
107.164	0.02752
107.131	0.02753
107.097	0.02752
107.064	0.02753
107.03	0.02752
106.999	0.02752
106.966	0.02753
106.937	0.02752
106.905	0.02752
106.874	0.02753
106.841	0.02751
106.809	0.02753
106.779	0.02751
106.748	0.02751
106.717	0.02751
106.683	0.0275
106.65	0.02752
106.613	0.0275
106.579	0.02752
106.542	0.02752
106.506	0.0275
106.469	0.0275
106.434	0.02753
106.396	0.0275
106.359	0.02751
106.324	0.02748
106.289	0.0275
106.257	0.02749
106.225	0.0275
106.194	0.0275
106.162	0.0275
106.131	0.0275
106.098	0.02749
106.069	0.02748
106.037	0.02748
106.006	0.02749
105.975	0.02749
105.94	0.02749
105.906	0.02747
105.869	0.02747
105.835	0.02748
105.801	0.02747
105.769	0.02747
105.735	0.02748
105.703	0.02746
105.671	0.02748
105.641	0.02747
105.609	0.02747
105.577	0.02747
105.547	0.02748
105.515	0.02747
105.485	0.02747
105.451	0.02746
105.42	0.02747
105.386	0.02746
105.352	0.02745
105.316	0.02746
105.282	0.02745
105.248	0.02745
105.215	0.02744
105.18	0.02745
105.146	0.02745
105.115	0.02744
105.083	0.02745
105.052	0.02744
105.018	0.02745
104.987	0.02745
104.953	0.02744
104.921	0.02743
104.887	0.02743
104.856	0.02744
104.823	0.02744
104.791	0.02743
104.76	0.02744
104.727	0.02744
104.694	0.02742
104.66	0.02742
104.628	0.02743
104.593	0.02743
104.561	0.02743
104.526	0.02741
104.492	0.02741
104.459	0.02742
104.428	0.02741
104.396	0.02743
104.365	0.02742
104.337	0.02741
104.306	0.02741
104.275	0.02741
104.238	0.02741
104.203	0.0274
104.164	0.0274
104.129	0.02739