269.642	0.03634
269.203	0.0363
268.8	0.03642
268.375	0.03612
267.95	0.03615
267.554	0.03609
267.131	0.03601
266.735	0.03595
266.313	0.03591
265.922	0.03586
265.509	0.03579
265.127	0.03576
264.72	0.03571
264.341	0.03564
263.938	0.03559
263.564	0.03553
263.165	0.03547
262.767	0.03541
262.397	0.03535
262.004	0.03539
261.64	0.03527
261.255	0.03521
260.898	0.03514
260.515	0.03513
260.159	0.03505
259.781	0.03501
259.426	0.03496
259.048	0.03491
258.673	0.03486
258.326	0.03483
257.958	0.03477
257.615	0.03473
257.25	0.03468
256.913	0.03462
256.548	0.03466
256.207	0.03458
255.847	0.03437
255.513	0.03446
255.16	0.03441
254.806	0.03434
254.476	0.03431
254.127	0.03426
253.801	0.03424
253.453	0.03417
253.131	0.03412
252.784	0.03409
252.458	0.03405
252.106	0.034
251.781	0.03395
251.439	0.03393
251.124	0.03388
250.787	0.03385
250.449	0.03381
250.136	0.03375
249.805	0.03372
249.498	0.03365
249.169	0.03362
248.862	0.0336
248.535	0.03356
248.232	0.03351
247.907	0.0335
247.604	0.03349
247.275	0.03343
246.949	0.03338
246.649	0.03335
246.331	0.03333
246.035	0.03328
245.722	0.03323
245.429	0.0332
245.117	0.03314
244.826	0.03311
244.513	0.03308
244.223	0.03304
243.916	0.03304
243.629	0.03298
243.325	0.03295
243.022	0.03291
242.741	0.03289
242.44	0.03285
242.157	0.0328
241.859	0.03277
241.583	0.03274
241.287	0.0327
241.011	0.03265
240.715	0.03264
240.439	0.03262
240.147	0.03256
239.877	0.03253
239.587	0.03251
239.297	0.03248
239.028	0.03245
238.739	0.03243
238.467	0.03241
238.178	0.03235
237.912	0.03234
237.632	0.03231
237.372	0.03228
237.094	0.03222
236.834	0.03221
236.553	0.03217
236.276	0.03215
236.02	0.03209
235.748	0.03208
235.495	0.03204
235.225	0.03202
234.974	0.03198
234.708	0.03195
234.458	0.03194
234.191	0.03189
233.945	0.03186
233.68	0.03187
233.434	0.03183
233.171	0.0318
232.909	0.03177
232.667	0.03172
232.409	0.03171
232.168	0.03167
231.912	0.03165
231.673	0.03161
231.418	0.03161
231.18	0.03158
230.929	0.03161
230.695	0.03152
230.442	0.03148
230.205	0.03145
229.954	0.03142
229.707	0.03141
229.478	0.03139
229.233	0.03136
229.006	0.03134
228.762	0.0313
228.535	0.03127
228.291	0.03126
228.06	0.03123
227.816	0.03122
227.59	0.03118
227.351	0.03117
227.111	0.03114
226.889	0.03111
226.654	0.03109
226.431	0.03108
226.195	0.03104
225.976	0.03103
225.745	0.03101
225.531	0.03099
225.302	0.03096
225.073	0.03094
224.86	0.03092
224.651	0.03087
224.429	0.03086
224.208	0.03084
224.004	0.03081
223.784	0.03079
223.579	0.03077
223.36	0.03074
223.156	0.03073
222.939	0.03071
222.735	0.03068
222.518	0.03065
222.315	0.03064
222.1	0.03062
221.897	0.03059
221.681	0.03058
221.462	0.03055
221.258	0.03053
221.04	0.03051
220.839	0.03047
220.628	0.03048
220.433	0.03045
220.225	0.03043
220.029	0.0304
219.82	0.03039
219.626	0.03038
219.421	0.03035
219.232	0.03033
219.03	0.0303
218.829	0.03027
218.641	0.03027
218.44	0.03025
218.252	0.03022
218.053	0.03022
217.868	0.0302
217.67	0.03016
217.485	0.03016
217.286	0.03012
217.102	0.0301
216.908	0.03011
216.713	0.03007
216.532	0.03007
216.337	0.03003
216.156	0.03002
215.963	0.03
215.784	0.02999
215.593	0.02996
215.416	0.02994
215.227	0.02992
215.052	0.02989
214.866	0.02989
214.681	0.02987
214.509	0.02985
214.324	0.02983
214.151	0.02981
213.969	0.0298
213.8	0.02978
213.619	0.02976
213.448	0.02975
213.267	0.02972
213.1	0.02971
212.92	0.02968
212.755	0.02966
212.578	0.02964
212.402	0.02965
212.238	0.02963
212.064	0.02963
211.902	0.02961
211.73	0.02958
211.568	0.02958
211.394	0.02956
211.234	0.02954
211.063	0.02951
210.902	0.02949
210.729	0.02948
210.559	0.02946
210.401	0.02945
210.23	0.02944
210.071	0.02942
209.901	0.0294
209.744	0.0294
209.579	0.02938
209.425	0.02936
209.261	0.02935
209.108	0.02934
208.946	0.02932
208.794	0.0293
208.631	0.02929
208.468	0.02931
208.314	0.02924
208.148	0.02924
207.997	0.02923
207.837	0.02923
207.69	0.02919
207.533	0.02918
207.388	0.02918
207.234	0.02898
207.089	0.02897
206.934	0.02909
206.778	0.02909
206.632	0.02907
206.477	0.02909
206.333	0.02905
206.179	0.02906
206.036	0.02905
205.884	0.02903
205.743	0.02901
205.594	0.02899
205.456	0.02898
205.307	0.02896
205.167	0.02881
205.017	0.02897
204.864	0.02894
204.723	0.02892
204.573	0.02893
204.434	0.02891
204.29	0.02888
204.156	0.02888
204.012	0.02887
203.88	0.02885
203.738	0.02883
203.606	0.02881
203.465	0.02882
203.323	0.0288
203.192	0.02879
203.052	0.02875
202.921	0.02875
202.782	0.02876
202.653	0.02875
202.514	0.02872
202.384	0.02871
202.246	0.02871
202.116	0.02869
201.976	0.02868
201.845	0.02867
201.707	0.02867
201.569	0.02866
201.441	0.02865
201.306	0.02862
201.18	0.0286
201.049	0.0286
200.926	0.02862
200.793	0.02857
200.671	0.02859
200.542	0.02858
200.421	0.02855
200.288	0.02855
200.163	0.02854
200.031	0.02852
199.9	0.02852
199.776	0.02851
199.647	0.0285
199.527	0.02848
199.4	0.02846
199.282	0.02845
199.155	0.02844
199.038	0.02844
198.911	0.02841
198.793	0.02843
198.667	0.0284
198.539	0.02839
198.422	0.02838
198.299	0.02838
198.184	0.02835
198.06	0.02837
197.945	0.02835
197.825	0.02835
197.714	0.02833
197.595	0.02831
197.485	0.02829
197.367	0.02826
197.249	0.02828
197.14	0.02827
197.023	0.02825
196.914	0.02826
196.797	0.02822
196.687	0.02822
196.57	0.0282
196.462	0.0282
196.346	0.0282
196.237	0.02819
196.118	0.02819
196.008	0.02819
195.892	0.02816
195.777	0.02816
195.672	0.02813
195.561	0.02813
195.456	0.02813
195.344	0.02812
195.239	0.02811
195.128	0.02811
195.025	0.02808
194.915	0.02808
194.811	0.02807
194.699	0.02807
194.594	0.02807
194.484	0.02805
194.375	0.02805
194.272	0.02805
194.162	0.02802
194.061	0.02802
193.953	0.02801
193.852	0.028
193.744	0.02799
193.644	0.02799
193.537	0.02796
193.438	0.02797
193.331	0.02795
193.224	0.02796
193.124	0.02793
193.017	0.02793
192.917	0.02793
192.81	0.0279
192.711	0.02791
192.606	0.0279
192.508	0.0279
192.404	0.02787
192.307	0.02788
192.204	0.02786
192.109	0.02786
192.007	0.02786
191.905	0.02785
191.811	0.02783
191.711	0.02783
191.617	0.02782
191.514	0.02781
191.418	0.02779
191.316	0.0278
191.219	0.02778
191.12	0.02779
191.028	0.02778
190.93	0.02776
190.833	0.02776
190.744	0.02775
190.649	0.02774
190.56	0.02775
190.465	0.02774
190.376	0.02772
190.282	0.0277
190.195	0.02769
190.101	0.0277
190.012	0.02768
189.917	0.02769
189.827	0.02765
189.73	0.02768
189.635	0.02766
189.547	0.02766
189.453	0.02764
189.365	0.02765
189.272	0.02766
189.184	0.02763
189.092	0.02762
189.007	0.02764
188.917	0.02761
188.827	0.02759
188.745	0.02761
188.656	0.02759
188.572	0.02759
188.483	0.02759
188.399	0.02757
188.308	0.02755
188.223	0.02756
188.131	0.02756
188.046	0.02754
187.954	0.02754
187.868	0.02753
187.777	0.02753
187.688	0.02753
187.606	0.02751
187.517	0.02751
187.434	0.02751
187.347	0.02749
187.265	0.02748
187.178	0.02749
187.097	0.02749
187.011	0.02747
186.931	0.02747
186.845	0.02747
186.759	0.02745
186.673	0.02746
186.579	0.02744
186.497	0.02743
186.411	0.02742
186.333	0.02742
186.249	0.02742
186.173	0.02741
186.091	0.02741
186.014	0.02739
185.931	0.02739
185.848	0.02738
185.771	0.02737
185.689	0.02738
185.614	0.02736
185.532	0.02735
185.457	0.02735
185.376	0.02736
185.3	0.02735
185.22	0.02733
185.144	0.02732
185.064	0.02732
184.987	0.02731
184.904	0.02729
184.825	0.02731
184.751	0.02729
184.673	0.02729
184.6	0.02731
184.523	0.02729
184.451	0.02728
184.374	0.02726
184.302	0.02726
184.225	0.02726
184.153	0.02724
184.076	0.02724
183.998	0.02725
183.927	0.02724
183.85	0.02725
183.779	0.02723
183.702	0.02722
183.631	0.02722
183.555	0.02722
183.484	0.0272
183.408	0.0272
183.338	0.02719
183.263	0.02721
183.188	0.02717
183.119	0.02718
183.045	0.02718
182.976	0.02718
182.904	0.02716
182.835	0.02715
182.763	0.02714
182.695	0.02715
182.622	0.02714
182.554	0.02714
182.48	0.02715
182.406	0.02713
182.339	0.02712
182.268	0.0271
182.202	0.02711
182.132	0.02712
182.066	0.0271
181.994	0.02711
181.927	0.0271
181.857	0.02707
181.791	0.02706
181.72	0.02706
181.654	0.02708
181.584	0.02706
181.513	0.02707
181.448	0.02703
181.381	0.02704
181.316	0.02704
181.247	0.02705
181.182	0.02706
181.114	0.02703
181.049	0.02702
180.982	0.02702
180.918	0.02702
180.85	0.02701
180.779	0.027
180.71	0.02701
180.638	0.02701
180.575	0.02701
180.507	0.02699
180.445	0.02699
180.378	0.02696
180.315	0.02699
180.248	0.02696
180.185	0.02695
180.12	0.02695
180.058	0.02695
179.993	0.02695
179.928	0.02695
179.867	0.02695
179.802	0.02693
179.739	0.02692
179.671	0.02692
179.609	0.02693
179.542	0.0269
179.48	0.0269
179.414	0.02689
179.351	0.02691
179.291	0.02688
179.227	0.0269
179.167	0.02689
179.103	0.02689
179.044	0.02689
178.982	0.0269
178.924	0.02688
178.86	0.02687
178.801	0.02687
178.738	0.02684
178.679	0.02685
178.617	0.02684
178.555	0.02685
178.496	0.02683
178.434	0.02683
178.376	0.02684
178.312	0.02681
178.253	0.02683
178.192	0.02681
178.136	0.0268
178.076	0.02679
178.019	0.02681
177.958	0.02683
177.899	0.0268
177.842	0.02678
177.782	0.02679
177.726	0.02677
177.664	0.02678
177.607	0.02676
177.545	0.02676
177.488	0.02676
177.427	0.02677
177.37	0.02677
177.309	0.02676
177.248	0.02677
177.192	0.02673
177.133	0.02674
177.078	0.02673
177.02	0.02674
176.965	0.02673
176.907	0.02672
176.851	0.02672
176.791	0.02672
176.737	0.02672
176.679	0.02673
176.626	0.02671
176.568	0.0267
176.511	0.02671
176.457	0.02669
176.399	0.02669
176.345	0.02669
176.287	0.02667
176.233	0.02669
176.176	0.02668
176.121	0.02668
176.06	0.02668
176.004	0.02666
175.945	0.02666
175.887	0.02664
175.834	0.02665
175.779	0.02663
175.729	0.02664
175.674	0.02663
175.622	0.02663
175.566	0.02664
175.513	0.02662
175.457	0.02663
175.403	0.02663
175.342	0.02663
175.287	0.02663
175.23	0.02662
175.174	0.02662
175.122	0.02661
175.066	0.02662
175.015	0.0266
174.96	0.02658
174.909	0.0266
174.854	0.02658
174.804	0.02655
174.748	0.02658
174.697	0.02656
174.642	0.02657
174.587	0.02656
174.535	0.02655
174.481	0.02656
174.431	0.02656
174.377	0.02655
174.329	0.02656
174.277	0.02655
174.229	0.02656
174.176	0.02654
174.128	0.02651
174.075	0.02652
174.026	0.02652
173.973	0.02654
173.92	0.02653
173.869	0.02651
173.817	0.02651
173.768	0.02653
173.716	0.02653
173.668	0.0265
173.616	0.02651
173.567	0.0265
173.516	0.0265
173.468	0.02649
173.417	0.02651
173.369	0.02649
173.315	0.02649
173.262	0.02649
173.213	0.02647
173.159	0.02647
173.111	0.02645
173.058	0.02647
173.008	0.02646
172.956	0.02647
172.91	0.02646
172.859	0.02646
172.812	0.02644
172.762	0.02644
172.713	0.02645
172.667	0.02645
172.617	0.02644
172.569	0.02643
172.518	0.02643
172.47	0.02643
172.417	0.02641
172.368	0.02641
172.317	0.02641
172.265	0.02641
172.217	0.02641
172.17	0.02641
172.119	0.02641
172.066	0.02638
172.018	0.02639
171.969	0.02638
171.923	0.02639
171.875	0.02638
171.828	0.02638
171.775	0.02638
171.727	0.02637
171.678	0.02638
171.632	0.02636
171.585	0.02636
171.541	0.02636
171.494	0.02636
171.447	0.02634
171.403	0.02634
171.356	0.02633
171.311	0.02635
171.262	0.02632
171.218	0.02635
171.171	0.02634
171.127	0.02633
171.079	0.02631
171.034	0.02631
170.986	0.02633
170.937	0.02632
170.892	0.02631
170.844	0.02632
170.8	0.02639
170.753	0.02631
170.708	0.02631
170.66	0.0263
170.616	0.02629
170.567	0.0263
170.518	0.02628
170.473	0.02628
170.43	0.02629
170.383	0.02629
170.337	0.02629
170.294	0.02628
170.246	0.02626
170.202	0.02628
170.156	0.02628
170.114	0.02626
170.068	0.02626
170.026	0.02627
169.981	0.02627
169.939	0.02626
169.893	0.02626
169.852	0.02625
169.806	0.02623
169.761	0.02623
169.718	0.02625
169.671	0.02623
169.628	0.02625
169.583	0.02624
169.541	0.02624
169.496	0.02624
169.454	0.02622
169.408	0.02623
169.366	0.02622
169.322	0.02621
169.277	0.02622
169.235	0.02622
169.19	0.02621
169.149	0.02621
169.104	0.0262
169.06	0.02618
169.015	0.02621
168.974	0.0262
168.93	0.02621
168.886	0.02619
168.844	0.02622
168.803	0.02619
168.759	0.02618
168.715	0.02617
168.674	0.02617
168.63	0.02618
168.588	0.02618
168.542	0.02616
168.5	0.02617
168.457	0.02616
168.417	0.02618
168.371	0.02616
168.329	0.02615
168.284	0.02615
168.24	0.02615
168.194	0.02616
168.15	0.02615
168.109	0.02616
168.066	0.02615
168.026	0.02615
167.983	0.02614
167.942	0.02613
167.898	0.02612
167.856	0.02614
167.813	0.02612
167.773	0.02612
167.731	0.02611
167.69	0.02611
167.647	0.02612
167.603	0.0261
167.564	0.0261
167.519	0.02612
167.477	0.02609
167.435	0.0261
167.397	0.0261
167.355	0.0261
167.315	0.02609
167.273	0.02609
167.234	0.02609
167.192	0.02608
167.151	0.02608
167.111	0.02607
167.069	0.02608
167.03	0.02607
166.988	0.02607
166.946	0.02606
166.901	0.02605
166.86	0.02607
166.817	0.02606
166.777	0.02605
166.736	0.02607
166.693	0.02606
166.653	0.02605
166.612	0.02606
166.575	0.02607
166.534	0.02604
166.496	0.02605
166.455	0.02603
166.417	0.02602
166.376	0.02603
166.337	0.02605
166.296	0.02601
166.254	0.02602
166.216	0.02602
166.174	0.02602
166.135	0.02602
166.093	0.02601
166.052	0.02601
166.01	0.02601
165.97	0.026
165.929	0.02602
165.89	0.026
165.849	0.02601
165.808	0.02599
165.771	0.026
165.729	0.02601
165.689	0.02598
165.646	0.02599
165.605	0.02598
165.563	0.02599
165.524	0.02597
165.483	0.02599
165.446	0.02597
165.406	0.02596
165.368	0.02597
165.321	0.02595
165.276	0.02596
165.237	0.02596
165.197	0.02595
165.16	0.02595
165.122	0.02597
165.085	0.02597
165.046	0.02596
165.009	0.02596
164.969	0.02595
164.932	0.02595
164.893	0.02594
164.856	0.02594
164.817	0.02594
164.778	0.02592
164.742	0.02594
164.704	0.02591
164.667	0.02591
164.63	0.02594
164.594	0.02592
164.555	0.02592
164.519	0.02591
164.482	0.0259
164.444	0.02592
164.404	0.02592
164.363	0.02591
164.326	0.02589
164.286	0.0259
164.248	0.02588
164.207	0.02589
164.17	0.02589
164.13	0.0259
164.093	0.02587
164.052	0.02588
164.014	0.02588
163.974	0.02588
163.938	0.02588
163.9	0.02589
163.864	0.02586
163.826	0.02588
163.787	0.02587
163.751	0.02587
163.712	0.02588
163.674	0.02587
163.634	0.02587
163.597	0.02588
163.557	0.02586
163.519	0.02584
163.477	0.02584
163.438	0.02585
163.399	0.02587
163.36	0.02585
163.324	0.02586
163.286	0.02587
163.25	0.02583
163.213	0.02584
163.177	0.02583
163.139	0.02582
163.101	0.02582
163.06	0.02582
163.024	0.02584
162.987	0.02583
162.951	0.02582
162.914	0.02582
162.875	0.02584
162.839	0.02581
162.801	0.02583
162.765	0.02581
162.726	0.02581
162.689	0.02581
162.647	0.0258
162.609	0.02579
162.57	0.0258
162.533	0.02578
162.492	0.02578
162.456	0.02578
162.418	0.0258
162.381	0.02579
162.347	0.02577
162.312	0.02579
162.278	0.02578
162.24	0.02579
162.204	0.02577
162.167	0.02576
162.133	0.02577
162.096	0.02578
162.062	0.02577
162.025	0.02577
161.989	0.02576
161.955	0.02575
161.919	0.02575
161.884	0.02575
161.845	0.02574
161.809	0.02575
161.77	0.02574
161.734	0.02575
161.696	0.02576
161.658	0.02574
161.615	0.02575
161.574	0.02575
161.538	0.02571
161.501	0.02574
161.466	0.02572
161.43	0.02571
161.396	0.02571
161.357	0.02573
161.321	0.02574
161.284	0.02572
161.25	0.0257
161.213	0.0257
161.179	0.02571
161.14	0.0257
161.102	0.0257
161.068	0.0257
161.032	0.02571
160.999	0.0257
160.963	0.0257
160.928	0.0257
160.892	0.02569
160.857	0.02569
160.821	0.02571
160.788	0.02568
160.752	0.0257
160.716	0.02569
160.683	0.02567
160.647	0.02568
160.613	0.02569
160.577	0.02567
160.543	0.02566
160.506	0.02566
160.468	0.02567
160.428	0.02568
160.392	0.02565
160.354	0.02566
160.317	0.02564
160.284	0.02568
160.246	0.02567
160.211	0.02565
160.175	0.02564
160.142	0.02566
160.107	0.02565
160.072	0.02565
160.036	0.02565
160.004	0.02566
159.97	0.02563
159.936	0.02565
159.902	0.02563
159.867	0.02563
159.834	0.02564
159.798	0.02561
159.764	0.02563
159.729	0.02564
159.696	0.02563
159.661	0.02561
159.627	0.02561
159.589	0.02562
159.555	0.02561
159.518	0.02562
159.481	0.02562
159.446	0.02562
159.409	0.02561
159.375	0.0256
159.337	0.0256
159.303	0.02561
159.267	0.0256
159.231	0.02561
159.192	0.0256
159.157	0.02557
159.12	0.02558
159.084	0.02558
159.05	0.02558
159.013	0.02558
158.978	0.02559
158.937	0.02558
158.901	0.02556
158.864	0.02556
158.828	0.02558
158.789	0.02557
158.75	0.02556
158.71	0.02557
158.674	0.02556
158.635	0.02557
158.598	0.02555
158.564	0.02555
158.528	0.02556
158.493	0.02556
158.454	0.02554
158.418	0.02555
158.38	0.02554
158.344	0.02554
158.303	0.02553
158.266	0.02554
158.23	0.02555
158.195	0.02554
158.162	0.02553
158.127	0.02556
158.095	0.02553
158.06	0.02553
158.027	0.02554
157.992	0.02551
157.96	0.02555
157.927	0.02553
157.896	0.0255
157.863	0.02552
157.83	0.02551
157.797	0.02551
157.76	0.02551
157.726	0.02551
157.687	0.02553
157.651	0.0255
157.614	0.02552
157.577	0.02549
157.537	0.0255
157.502	0.02549
157.466	0.02548
157.433	0.02547
157.399	0.02549
157.367	0.02548
157.336	0.02548
157.303	0.02548
157.271	0.02549
157.236	0.02548
157.204	0.02548
157.17	0.02549
157.136	0.02547
157.099	0.02548
157.064	0.02545
157.027	0.02547
156.989	0.02547
156.953	0.02545
156.917	0.02547
156.885	0.02547
156.851	0.02545
156.818	0.02545
156.782	0.02544
156.745	0.02547
156.708	0.02544
156.675	0.02545
156.64	0.02545
156.609	0.02547
156.573	0.02545
156.538	0.02544
156.505	0.02542
156.469	0.02543
156.436	0.02543
156.399	0.02542
156.365	0.02543
156.329	0.02544
156.297	0.02543
156.261	0.02543
156.229	0.02544
156.19	0.02541
156.151	0.02542
156.118	0.02541
156.083	0.02544
156.049	0.02542
156.015	0.02543
155.984	0.02542
155.951	0.02541
155.921	0.02541
155.888	0.02541
155.858	0.02542
155.826	0.02539
155.795	0.02541
155.762	0.02541
155.729	0.0254
155.699	0.02538
155.667	0.02539
155.635	0.02541
155.601	0.02539
155.568	0.02538
155.531	0.02538
155.495	0.0254
155.456	0.02539
155.419	0.02537
155.381	0.02539
155.347	0.02537
155.313	0.02537
155.279	0.02538
155.243	0.02536
155.204	0.02538
155.168	0.02536
155.131	0.02537
155.096	0.02536
155.062	0.02537
155.03	0.02536
154.998	0.02535
154.966	0.02536
154.931	0.02534
154.896	0.02535
154.864	0.02534
154.826	0.02536
154.787	0.02534
154.749	0.02535
154.716	0.02536
154.683	0.02534
154.652	0.02534
154.618	0.02534
154.586	0.02533
154.553	0.02531
154.523	0.02533
154.489	0.02533
154.455	0.02533
154.423	0.02533
154.39	0.0253
154.359	0.02532
154.326	0.02531
154.294	0.02531
154.26	0.02531
154.228	0.02531
154.192	0.02531
154.161	0.02531
154.128	0.02534
154.095	0.0253
154.063	0.0253
154.026	0.0253
153.991	0.02531
153.954	0.02531
153.921	0.02529
153.885	0.02529
153.853	0.0253
153.82	0.02529
153.789	0.0253
153.757	0.02529
153.727	0.02527
153.695	0.02529
153.661	0.02527
153.629	0.0253
153.595	0.02528
153.561	0.02526
153.522	0.02527
153.487	0.02526
153.45	0.02528
153.416	0.02526
153.382	0.02527
153.346	0.02527
153.31	0.02528
153.273	0.02526
153.241	0.02525
153.206	0.02526
153.175	0.02524
153.142	0.02523
153.112	0.02525
153.079	0.02525
153.048	0.02524
153.015	0.02525
152.985	0.02524
152.953	0.02524
152.922	0.02522
152.885	0.02523
152.848	0.02524
152.814	0.02526
152.779	0.02524
152.747	0.02523
152.713	0.02522
152.681	0.02522
152.648	0.02522
152.617	0.02522
152.583	0.02522
152.551	0.0252
152.517	0.02524
152.484	0.02522
152.449	0.02521
152.415	0.02517
152.385	0.02521
152.35	0.02521
152.317	0.02522
152.282	0.0252
152.25	0.0252
152.216	0.0252
152.184	0.02519
152.151	0.02521
152.116	0.02521
152.084	0.0252
152.05	0.02518
152.019	0.0252
151.987	0.02518
151.956	0.0252
151.923	0.02519
151.893	0.02519
151.86	0.02518
151.828	0.02519
151.792	0.02518
151.759	0.02518
151.724	0.02519
151.69	0.02519
151.651	0.02518
151.613	0.02517
151.58	0.02517
151.545	0.02518
151.514	0.02516
151.48	0.02517
151.448	0.02515
151.41	0.02516
151.373	0.02516
151.333	0.02518
151.299	0.02516
151.263	0.02516
151.226	0.02516
151.192	0.02513
151.156	0.02516
151.123	0.02515
151.089	0.02512
151.057	0.02515
151.026	0.02513
150.999	0.02513
150.969	0.02514
150.941	0.02513
150.91	0.02513
150.882	0.02513
150.851	0.02513
150.819	0.02515
150.789	0.02512
150.756	0.02513
150.724	0.02512
150.683	0.02514
150.648	0.02513
150.616	0.02512
150.587	0.02512
150.556	0.02512
150.526	0.0251
150.494	0.02509
150.463	0.02511
150.43	0.02512
150.397	0.02512
150.368	0.02512
150.337	0.02511
150.308	0.02511
150.276	0.02507
150.246	0.0251
150.213	0.02509
150.18	0.0251
150.146	0.02509
150.114	0.02507
150.079	0.02509
150.046	0.02509
150.008	0.02508
149.969	0.02509
149.934	0.02508
149.899	0.02507
149.867	0.02507
149.834	0.02509
149.802	0.02506
149.768	0.02506
149.737	0.02506
149.703	0.02508
149.673	0.02507
149.641	0.02507
149.608	0.02506
149.577	0.02507
149.543	0.02506
149.512	0.02505
149.477	0.02503
149.444	0.02506
149.409	0.02507
149.376	0.02505
149.341	0.02505
149.309	0.02504
149.276	0.02504
149.244	0.02504
149.208	0.02502
149.173	0.02506
149.14	0.02504
149.103	0.02504
149.067	0.02504
149.031	0.02504
148.994	0.02502
148.959	0.02503
148.929	0.02504
148.897	0.02504
148.866	0.02503
148.833	0.02502
148.801	0.02502
148.768	0.02499
148.735	0.02501
148.703	0.02502
148.667	0.025
148.633	0.02502
148.598	0.02501
148.566	0.02501
148.53	0.02501
148.496	0.025
148.461	0.025
148.429	0.02499
148.394	0.02501
148.36	0.025
148.329	0.02501
148.296	0.02499
148.265	0.025
148.232	0.02499
148.2	0.02497
148.166	0.02498
148.132	0.025
148.094	0.02498
148.06	0.02499
148.025	0.02496
147.993	0.02499
147.956	0.02497
147.922	0.02497
147.891	0.02497
147.858	0.02497
147.828	0.02498
147.798	0.02498
147.77	0.02496
147.737	0.02497
147.703	0.02498
147.667	0.02498
147.636	0.02495
147.601	0.02496
147.566	0.02496
147.533	0.02496
147.497	0.02496
147.465	0.02495
147.432	0.02497
147.402	0.02495
147.37	0.02498
147.34	0.02495
147.31	0.02495
147.278	0.02493
147.248	0.02494
147.213	0.02494
147.18	0.02495
147.144	0.02496
147.11	0.02495
147.074	0.02495
147.039	0.02492
146.998	0.02493
146.963	0.02493
146.93	0.02494
146.898	0.02493
146.864	0.02492
146.834	0.02492
146.803	0.02493
146.772	0.02491
146.745	0.02491
146.714	0.02493
146.683	0.02491
146.651	0.02491
146.619	0.02493
146.585	0.02491
146.553	0.02493
146.518	0.02493
146.487	0.02492
146.456	0.02491
146.425	0.02492
146.395	0.02493
146.361	0.02488
146.331	0.02489
146.3	0.02489
146.272	0.02491
146.241	0.02488
146.213	0.0249
146.18	0.02489
146.149	0.02488
146.117	0.02489
146.085	0.02486
146.055	0.02489
146.023	0.0249
145.993	0.02488
145.961	0.02488
145.931	0.02488
145.898	0.02488
145.867	0.02487
145.834	0.02488
145.803	0.0249
145.769	0.02487
145.738	0.02486
145.702	0.02486
145.663	0.02488
145.625	0.02486
145.586	0.02487
145.55	0.02488
145.51	0.02485
145.471	0.02485
145.435	0.02486
145.402	0.02487
145.365	0.02485
145.333	0.02485
145.302	0.02486
145.272	0.02484
145.243	0.02484
145.21	0.02485
145.18	0.02482
145.147	0.02483
145.115	0.02484
145.081	0.02485
145.049	0.02484
145.014	0.02486
144.981	0.02483
144.945	0.02483
144.913	0.02485
144.878	0.02485
144.845	0.02484
144.813	0.02482
144.776	0.02481
144.744	0.02481
144.709	0.02482
144.679	0.02482
144.648	0.02482
144.619	0.02481
144.586	0.02483
144.555	0.02482
144.522	0.02482
144.49	0.02482
144.459	0.02483
144.428	0.02482
144.4	0.02481
144.37	0.0248
144.342	0.0248
144.312	0.0248
144.283	0.02479
144.249	0.0248
144.216	0.02481
144.182	0.0248
144.149	0.0248
144.113	0.02479
144.079	0.0248
144.047	0.02479
144.011	0.02479
143.978	0.02479
143.944	0.02479
143.912	0.02476
143.878	0.02479
143.845	0.0248
143.809	0.02476
143.774	0.02477
143.734	0.02476
143.695	0.02479
143.659	0.02479
143.621	0.02477
143.584	0.02477
143.545	0.02478
143.512	0.02478
143.477	0.02478
143.446	0.02476
143.412	0.02477
143.382	0.02478
143.349	0.02477
143.318	0.02479
143.286	0.02477
143.255	0.02474
143.226	0.02477
143.196	0.02477
143.166	0.02476
143.133	0.02474
143.102	0.02475
143.07	0.02474
143.039	0.02474
143.004	0.02475
142.971	0.02473
142.932	0.02474
142.898	0.02475
142.862	0.02474
142.828	0.02474
142.796	0.02473
142.762	0.02472
142.73	0.02473
142.696	0.02471
142.665	0.02472
142.631	0.02474
142.601	0.02473
142.567	0.02473
142.535	0.02472
142.502	0.02472
142.469	0.0247
142.439	0.02472
142.407	0.02471
142.377	0.02472
142.345	0.02471
142.315	0.02469
142.28	0.0247
142.245	0.0247
142.211	0.02472
142.182	0.02471
142.149	0.02471
142.112	0.02472
142.072	0.02471
142.034	0.02468
142.003	0.02469
141.972	0.0247
141.943	0.0247
141.913	0.02468
141.885	0.02468
141.855	0.02468
141.823	0.02468
141.79	0.02469
141.76	0.02467
141.727	0.02468
141.696	0.02468
141.661	0.02468
141.624	0.02467
141.589	0.02468
141.553	0.02468
141.522	0.02467
141.488	0.02468
141.458	0.02466
141.427	0.02465
141.399	0.02467
141.367	0.02468
141.337	0.02466
141.305	0.02467
141.274	0.02465
141.244	0.02467
141.21	0.02465
141.179	0.02465
141.146	0.02464
141.114	0.02468
141.079	0.02465
141.045	0.02465
141.007	0.02464
140.971	0.02464
140.933	0.02464
140.898	0.02464
140.861	0.02464
140.821	0.02464
140.785	0.02465
140.749	0.02464
140.716	0.02463
140.683	0.02466
140.653	0.02462
140.62	0.02464
140.588	0.02463
140.553	0.02463
140.518	0.02464
140.478	0.02462
140.443	0.02463
140.409	0.0246
140.376	0.02463
140.345	0.0246
140.309	0.02462
140.276	0.02461
140.241	0.02461
140.207	0.02461
140.173	0.02459
140.141	0.0246
140.107	0.02461
140.076	0.0246
140.042	0.02461
140.008	0.02461
139.974	0.0246
139.94	0.02464
139.906	0.02461
139.869	0.02459
139.832	0.02461
139.79	0.0246
139.754	0.02459
139.717	0.02461
139.685	0.0246
139.652	0.02461
139.62	0.0246
139.587	0.0246
139.554	0.02459
139.523	0.02459
139.489	0.02459
139.46	0.02457
139.43	0.02457
139.403	0.02459
139.375	0.02457
139.349	0.02457
139.321	0.02459
139.295	0.02457
139.267	0.02457
139.238	0.02459
139.208	0.02457
139.175	0.02456
139.144	0.02456
139.112	0.02456
139.083	0.02457
139.052	0.02458
139.025	0.02457
138.996	0.02456
138.969	0.02455
138.937	0.02456
138.907	0.02456
138.875	0.02456
138.844	0.02456
138.815	0.02454
138.784	0.02453
138.754	0.02454
138.721	0.02454
138.691	0.02454
138.659	0.02454
138.629	0.02455
138.592	0.02454
138.56	0.02454
138.525	0.02455
138.492	0.02454
138.46	0.02453
138.428	0.02451
138.397	0.02454
138.363	0.02453
138.33	0.02453
138.295	0.02451
138.262	0.02452
138.227	0.02451
138.195	0.02453
138.159	0.02451
138.122	0.02454
138.082	0.02453
138.044	0.02453
138.012	0.02453
137.979	0.02453
137.95	0.0245
137.92	0.02451
137.891	0.0245
137.858	0.02451
137.824	0.0245
137.788	0.02452
137.756	0.02449
137.723	0.02451
137.689	0.0245
137.66	0.0245
137.628	0.02449
137.598	0.0245
137.564	0.0245
137.528	0.0245
137.492	0.02449
137.464	0.02447
137.434	0.02448
137.407	0.02448
137.378	0.0245
137.349	0.02448
137.318	0.02447
137.284	0.02445
137.253	0.02449
137.222	0.02445
137.195	0.02447
137.163	0.02449
137.131	0.02448
137.095	0.02448
137.063	0.02447
137.029	0.02446
136.997	0.02448
136.96	0.02447
136.926	0.02445
136.89	0.02448
136.855	0.02446
136.821	0.02444
136.786	0.02445
136.752	0.02447
136.716	0.02446
136.681	0.02446
136.643	0.02446
136.606	0.02445
136.566	0.02447
136.531	0.02443
136.493	0.02446
136.457	0.02444
136.427	0.02446
136.394	0.02444
136.366	0.02446
136.337	0.02447
136.309	0.02459
136.279	0.02442
136.249	0.02442
136.218	0.02444
136.187	0.02444
136.154	0.02443
136.124	0.02443
136.089	0.02443
136.053	0.02444
136.019	0.02443
135.987	0.02443
135.959	0.02442
135.93	0.02443
135.903	0.02442
135.876	0.02442
135.849	0.02442
135.819	0.02442
135.788	0.02443
135.754	0.02441
135.722	0.02442
135.687	0.02441
135.653	0.02444
135.62	0.0244
135.59	0.0244
135.561	0.02441
135.527	0.02442
135.491	0.0244
135.455	0.02442
135.422	0.0244
135.389	0.02441
135.36	0.02438
135.327	0.02439
135.297	0.0244
135.265	0.02437
135.233	0.02441
135.203	0.02439
135.168	0.02439
135.133	0.02439
135.098	0.0244
135.064	0.0244
135.029	0.0244
134.999	0.02439
134.968	0.02437
134.943	0.02439
134.916	0.0244
134.889	0.02438
134.863	0.02437
134.833	0.02438
134.805	0.02437
134.773	0.02438
134.738	0.02437
134.702	0.02437
134.67	0.02437
134.638	0.02437
134.608	0.02435
134.574	0.02437
134.542	0.02439
134.509	0.02435
134.475	0.02438
134.444	0.02436
134.409	0.02436
134.375	0.02437
134.337	0.02437
134.302	0.02437
134.265	0.02437
134.23	0.02436
134.194	0.02437
134.161	0.02434
134.127	0.02436
134.094	0.02435
134.064	0.02434
134.033	0.02435
134.005	0.02434
133.973	0.02434
133.941	0.02435
133.907	0.02433
133.878	0.02434
133.846	0.02431
133.815	0.02434
133.781	0.02436
133.745	0.02433
133.71	0.02433
133.672	0.02434
133.637	0.02433
133.599	0.02433
133.563	0.02432
133.522	0.02432
133.486	0.02433
133.451	0.02431
133.419	0.02431
133.386	0.02432
133.351	0.02431
133.32	0.02434
133.288	0.02431
133.257	0.02432
133.226	0.02431
133.197	0.0243
133.167	0.02431
133.138	0.02431
133.106	0.02432
133.077	0.0243
133.046	0.02429
133.017	0.0243
132.986	0.02431
132.957	0.02428
132.926	0.02431
132.895	0.02431
132.863	0.02428
132.831	0.0243
132.799	0.02431
132.764	0.02429
132.734	0.02431
132.702	0.02428
132.669	0.0243
132.637	0.02428
132.607	0.02429
132.571	0.02429
132.536	0.02427
132.5	0.02429
132.467	0.02427
132.438	0.02428
132.407	0.02428
132.378	0.02428
132.345	0.02428
132.314	0.02428
132.281	0.02429
132.249	0.02427
132.215	0.02427
132.184	0.02427
132.149	0.02425
132.119	0.02427
132.088	0.02428
132.056	0.02428
132.025	0.02426
131.991	0.02425
131.959	0.02425
131.926	0.02426
131.896	0.02424
131.865	0.02424
131.836	0.02425
131.804	0.02424
131.771	0.02424
131.738	0.02426
131.707	0.02425
131.679	0.02426
131.65	0.02424
131.621	0.02426
131.591	0.02424
131.56	0.02424
131.526	0.02423
131.498	0.02424
131.466	0.02425
131.432	0.02422
131.399	0.02423
131.369	0.02423
131.337	0.02425
131.306	0.02423
131.274	0.0242
131.235	0.02422
131.202	0.02422
131.163	0.02422
131.127	0.02421
131.09	0.02424
131.056	0.02422
131.019	0.02421
130.986	0.02422
130.949	0.02423
130.913	0.02421
130.878	0.02421
130.84	0.02423
130.806	0.02422
130.77	0.0242
130.734	0.02422
130.698	0.02422
130.666	0.02421
130.632	0.02418
130.601	0.02421
130.566	0.0242
130.531	0.02421
130.501	0.0242
130.468	0.02421
130.431	0.02419
130.396	0.02421
130.367	0.02421
130.336	0.02419
130.309	0.02419
130.278	0.02419
130.246	0.0242
130.208	0.02419
130.177	0.02419
130.145	0.02421
130.113	0.02419
130.085	0.02417
130.054	0.0242
130.027	0.02418
129.998	0.02418
129.973	0.02418
129.939	0.02417
129.902	0.02417
129.865	0.02417
129.834	0.02416
129.803	0.02416
129.774	0.02417
129.741	0.02415
129.704	0.02416
129.67	0.02416
129.637	0.02415
129.609	0.02417
129.577	0.02415
129.546	0.02415
129.515	0.02416
129.484	0.02417
129.447	0.02416
129.414	0.02417
129.38	0.02413
129.345	0.02415
129.313	0.02415
129.279	0.02415
129.246	0.02414
129.212	0.02414
129.181	0.02416
129.148	0.02414
129.117	0.02415
129.084	0.02415
129.05	0.02415
129.013	0.02413
128.977	0.02414
128.939	0.02414
128.902	0.02414
128.868	0.02414
128.831	0.02414
128.795	0.02415
128.756	0.02415
128.719	0.02413
128.684	0.02413
128.655	0.02413
128.626	0.02412
128.6	0.02411
128.567	0.02412
128.537	0.02411
128.506	0.02411
128.474	0.02412
128.443	0.02413
128.41	0.02414
128.378	0.02411
128.346	0.02412
128.318	0.02412
128.288	0.02412
128.261	0.02411
128.23	0.02411
128.2	0.02412
128.166	0.0241
128.131	0.02411
128.1	0.02409
128.07	0.02409
128.041	0.0241
128.008	0.02409
127.976	0.0241
127.942	0.02411
127.911	0.0241
127.877	0.0241
127.844	0.02409
127.809	0.02408
127.777	0.0241
127.742	0.02409
127.704	0.0241
127.67	0.02408
127.632	0.02409
127.596	0.02409
127.558	0.02408
127.521	0.02408
127.486	0.02408
127.454	0.02409
127.419	0.02409
127.388	0.02407
127.356	0.02409
127.321	0.02408
127.287	0.02407
127.251	0.02406
127.221	0.02407
127.186	0.02406
127.156	0.02409
127.123	0.02406
127.091	0.02405
127.058	0.02408
127.028	0.02407
126.995	0.02406
126.964	0.02407
126.933	0.02404
126.902	0.02407
126.873	0.02407
126.842	0.02406
126.811	0.02405
126.778	0.02406
126.745	0.02405
126.706	0.02404
126.67	0.02405
126.635	0.02406
126.605	0.02405
126.574	0.02404
126.543	0.02406
126.511	0.02405
126.477	0.02403
126.445	0.02404
126.411	0.02404
126.378	0.02405
126.343	0.02407
126.311	0.02403
126.28	0.02402
126.249	0.02402
126.215	0.02403
126.185	0.02403
126.154	0.02403
126.122	0.02402
126.091	0.02402
126.058	0.02401
126.027	0.024
125.993	0.02402
125.957	0.02402
125.918	0.02399
125.887	0.02401
125.851	0.02403
125.819	0.02404
125.786	0.024
125.754	0.02402
125.721	0.024
125.687	0.02401
125.654	0.02401
125.621	0.02401
125.587	0.02399
125.547	0.02401
125.511	0.02401
125.472	0.024
125.436	0.024
125.4	0.02402
125.367	0.02401
125.333	0.02402
125.297	0.02397
125.264	0.02399
125.229	0.02398
125.196	0.024
125.163	0.02399
125.131	0.02398
125.099	0.02394
125.065	0.02398
125.03	0.02398
124.996	0.02401
124.961	0.02398
124.929	0.02399
124.895	0.02396
124.862	0.02399
124.83	0.02399
124.796	0.02398
124.764	0.02397
124.728	0.02399
124.697	0.02397
124.663	0.02397
124.63	0.02398
124.59	0.02396
124.554	0.02396
124.517	0.02397
124.483	0.02396
124.451	0.02396
124.417	0.02398
124.386	0.02397
124.353	0.02395
124.32	0.02396
124.288	0.02396
124.26	0.02396
124.23	0.02397
124.201	0.02394
124.171	0.02395
124.142	0.02392
124.109	0.02399
124.076	0.02394
124.048	0.02396
124.02	0.02393
123.993	0.02396
123.959	0.02395
123.928	0.02394
123.895	0.02394
123.865	0.02395
123.832	0.02393
123.801	0.02394
123.767	0.02395
123.735	0.02394
123.698	0.02394
123.658	0.02394
123.623	0.02393
123.588	0.02392
123.558	0.02394
123.523	0.02394
123.49	0.02395
123.455	0.02394
123.422	0.02392
123.388	0.02392
123.356	0.02393
123.324	0.02393
123.294	0.02393
123.266	0.02394
123.235	0.02391
123.206	0.02392
123.174	0.02391
123.142	0.02392
123.109	0.02392
123.08	0.02394
123.049	0.02392
123.02	0.02391
122.986	0.0239
122.956	0.02391
122.92	0.02392
122.884	0.02393
122.845	0.02392
122.804	0.02391
122.77	0.02391
122.731	0.0239
122.697	0.0239
122.663	0.02391
122.634	0.02389
122.603	0.02391
122.574	0.0239
122.544	0.02388
122.513	0.02391
122.479	0.02388
122.445	0.0239
122.415	0.0239
122.382	0.02389
122.353	0.02387
122.316	0.02388
122.278	0.02389
122.243	0.02387
122.214	0.02388
122.186	0.02386
122.155	0.02389
122.123	0.02388
122.093	0.02386
122.064	0.02387
122.031	0.02387
122.002	0.02386
121.972	0.02386
121.94	0.02387
121.908	0.02387
121.88	0.0239
121.848	0.02386
121.817	0.02387
121.784	0.02387
121.751	0.02386
121.711	0.02387
121.675	0.02385
121.644	0.02385
121.613	0.02386
121.585	0.02387
121.553	0.02385
121.522	0.02385
121.489	0.02385
121.46	0.02385
121.429	0.02384
121.4	0.02384
121.369	0.02385
121.337	0.02385
121.304	0.02384
121.264	0.02384
121.225	0.02384
121.189	0.02384
121.158	0.02386
121.127	0.02385
121.097	0.02384
121.066	0.02383
121.036	0.02384
121.003	0.02383
120.969	0.02383
120.936	0.02382
120.895	0.02384
120.86	0.02382
120.823	0.02384
120.789	0.02383
120.754	0.02381
120.723	0.02384
120.689	0.02381
120.66	0.02383
120.629	0.02383
120.594	0.02383
120.557	0.02381
120.521	0.02384
120.491	0.02383
120.461	0.02381
120.433	0.0238
120.403	0.02383
120.375	0.02382
120.346	0.02381
120.317	0.02381
120.282	0.0238
120.244	0.02381
120.204	0.02382
120.172	0.0238
120.14	0.02381
120.111	0.02379
120.084	0.0238
120.053	0.0238
120.02	0.0238
119.988	0.02378
119.959	0.02379
119.928	0.02379
119.9	0.02379
119.87	0.0238
119.837	0.02379
119.8	0.02379
119.754	0.02379
119.715	0.02378
119.68	0.02379
119.651	0.02378
119.618	0.02377
119.589	0.02379
119.559	0.0238
119.529	0.02377
119.496	0.02379
119.464	0.0238
119.43	0.02379
119.394	0.02378
119.362	0.02379
119.328	0.02379
119.293	0.02378
119.255	0.02376
119.222	0.02377
119.191	0.02376
119.162	0.02377
119.129	0.02378
119.096	0.02376
119.06	0.02377
119.03	0.02377
119	0.02376
118.972	0.02375
118.945	0.02375
118.916	0.02375
118.886	0.02375
118.848	0.02375
118.813	0.02377
118.777	0.02376
118.747	0.02377
118.716	0.02377
118.686	0.02375
118.654	0.02375
118.624	0.02374
118.591	0.02375
118.556	0.02373
118.526	0.02375
118.495	0.02374
118.466	0.02374
118.433	0.02375
118.406	0.02376
118.375	0.02375
118.345	0.02372
118.315	0.02375
118.285	0.02373
118.253	0.02374
118.222	0.02374
118.189	0.02372
118.156	0.02372
118.124	0.02372
118.087	0.02374
118.05	0.02374
118.015	0.02374
117.981	0.02373
117.943	0.02373
117.905	0.02371
117.866	0.02372
117.834	0.02372
117.802	0.02372
117.77	0.02371
117.742	0.02371
117.713	0.02372
117.687	0.02373
117.656	0.02372
117.625	0.02372
117.591	0.02373
117.559	0.02373
117.524	0.0237
117.49	0.02371
117.448	0.02371
117.408	0.02369
117.37	0.02373
117.33	0.02371
117.294	0.02371
117.259	0.02372
117.225	0.0237
117.184	0.02371
117.146	0.02368
117.108	0.02371
117.075	0.02369
117.041	0.02372
117.01	0.0237
116.978	0.02369
116.942	0.0237
116.902	0.02371
116.86	0.02371
116.822	0.0237
116.781	0.02369
116.738	0.02369
116.702	0.02369
116.671	0.0237
116.634	0.02368
116.595	0.02369
116.561	0.02368
116.534	0.02367
116.51	0.02368
116.487	0.02369
116.462	0.02368
116.433	0.02367
116.406	0.02367
116.377	0.02367
116.349	0.0237
116.316	0.02369
116.285	0.02367
116.253	0.02368
116.227	0.02367
116.196	0.02366
116.165	0.02365
116.137	0.02365
116.105	0.02368
116.075	0.02367
116.044	0.02366
116.016	0.02367
115.986	0.02365
115.953	0.02367
115.914	0.02367
115.877	0.02367
115.837	0.02366
115.802	0.02366
115.773	0.02366
115.742	0.02365
115.716	0.02365
115.687	0.02366
115.656	0.02364
115.62	0.02365
115.583	0.02363
115.542	0.02364
115.503	0.02364
115.465	0.02365
115.436	0.02364
115.401	0.02364
115.367	0.02365
115.338	0.02364
115.305	0.02365
115.273	0.02363
115.24	0.02364
115.206	0.02363
115.169	0.02364
115.135	0.02364
115.1	0.02364
115.069	0.02363
115.038	0.02364
115.007	0.02363
114.974	0.02363
114.943	0.02362
114.914	0.02363
114.882	0.02363
114.85	0.02363
114.814	0.02362
114.782	0.02363
114.75	0.0236
114.723	0.02363
114.691	0.02361
114.657	0.02362
114.623	0.02361
114.589	0.0236
114.558	0.02362
114.527	0.02363
114.495	0.02362
114.464	0.0236
114.434	0.02361
114.399	0.02361
114.37	0.02359
114.336	0.02359
114.304	0.0236
114.273	0.02361
114.242	0.0236
114.206	0.02359
114.174	0.02359
114.146	0.02359
114.112	0.02362
114.073	0.02359
114.032	0.02359
113.989	0.02361
113.944	0.0236
113.908	0.02359
113.869	0.02359
113.832	0.0236
113.796	0.02358
113.765	0.02359
113.733	0.02357
113.705	0.02358
113.679	0.0236
113.65	0.02356
113.625	0.02358
113.598	0.02357
113.57	0.02358
113.541	0.02359
113.515	0.02357
113.488	0.02356
113.459	0.02355
113.425	0.02358
113.389	0.02357
113.354	0.02359
113.315	0.02357
113.273	0.02356
113.234	0.02356
113.194	0.02355
113.156	0.02357
113.123	0.02356
113.089	0.02361
113.059	0.02355
113.029	0.02357
113	0.02355
112.967	0.02356
112.932	0.02357
112.899	0.02356
112.863	0.02355
112.823	0.02355
112.778	0.02354
112.742	0.02354
112.707	0.02355
112.674	0.02356
112.638	0.02356
112.607	0.02354
112.575	0.02355
112.544	0.02355
112.504	0.02354
112.465	0.02353
112.432	0.02355
112.397	0.02353
112.362	0.02353
112.327	0.02354
112.298	0.02353
112.268	0.02354
112.238	0.02352
112.201	0.02353
112.167	0.02354
112.133	0.02353
112.091	0.02353
112.055	0.02353
112.023	0.02352
111.996	0.02353
111.968	0.02353
111.939	0.02353
111.905	0.0235
111.87	0.02351
111.834	0.02351
111.797	0.02351
111.758	0.02351
111.722	0.02352
111.686	0.02352
111.651	0.02352
111.619	0.02352
111.583	0.0235
111.551	0.02351
111.516	0.02351
111.483	0.02352
111.448	0.02352
111.416	0.02349
111.383	0.0235
111.351	0.02351
111.318	0.0235
111.282	0.0235
111.243	0.02351
111.206	0.0235
111.173	0.0235
111.135	0.02349
111.099	0.02351
111.063	0.02349
111.03	0.0235
110.995	0.02349
110.964	0.0235
110.932	0.02349
110.903	0.02349
110.87	0.0235
110.836	0.02347
110.803	0.02348
110.768	0.02348
110.738	0.02348
110.705	0.02348
110.675	0.02348
110.642	0.02351
110.609	0.02347
110.574	0.02349
110.543	0.02347
110.509	0.02348
110.472	0.02349
110.434	0.02347
110.389	0.02347
110.344	0.02346
110.306	0.02347
110.272	0.02348
110.236	0.02349
110.201	0.02348
110.164	0.02347
110.129	0.02347
110.09	0.02347
110.051	0.02348
110.018	0.02348
109.982	0.02346
109.95	0.02348
109.914	0.02344
109.882	0.02347
109.849	0.02346
109.818	0.02345
109.786	0.02344
109.756	0.02346
109.724	0.02346
109.691	0.02344
109.656	0.02346
109.62	0.02346
109.584	0.02343
109.542	0.02344
109.504	0.02345
109.47	0.02345
109.438	0.02344
109.404	0.02344
109.374	0.02345
109.341	0.02344
109.311	0.02344
109.274	0.02343
109.237	0.02346
109.204	0.02342
109.168	0.02344
109.134	0.02344
109.093	0.02343
109.054	0.02344
109.015	0.02343
108.98	0.02345
108.942	0.02342
108.907	0.02344
108.874	0.02341
108.846	0.02343
108.818	0.02343
108.791	0.02341
108.76	0.02342
108.725	0.02341
108.695	0.02341
108.662	0.02341
108.628	0.02343
108.594	0.02342
108.567	0.02343
108.536	0.0234
108.509	0.0234
108.479	0.0234
108.449	0.02343
108.417	0.02341
108.379	0.0234
108.342	0.0234
108.303	0.02341
108.268	0.02339
108.233	0.02339
108.196	0.02341
108.153	0.02339
108.11	0.02341
108.067	0.02341
108.033	0.0234
107.998	0.02341
107.967	0.02338
107.932	0.0234
107.897	0.02341
107.868	0.02341
107.837	0.02337
107.802	0.02337
107.766	0.0234
107.733	0.02338
107.694	0.02339
107.655	0.02337
107.618	0.02338
107.585	0.02339
107.552	0.02341
107.521	0.02341
107.495	0.02338
107.467	0.02338
107.438	0.02339
107.401	0.02339
107.366	0.02339
107.33	0.02339
107.295	0.02336
107.256	0.02339
107.219	0.02337
107.181	0.02339
107.145	0.02337
107.106	0.02337
107.073	0.02338
107.04	0.02336
107.003	0.02338
106.963	0.02336
106.921	0.02335
106.883	0.02336
106.845	0.02336
106.808	0.02337
106.775	0.02336
106.746	0.02337
106.712	0.02337
106.68	0.02335
106.644	0.02337
106.609	0.02336
106.572	0.02334
106.527	0.02334
106.493	0.02334
106.461	0.02333
106.429	0.02335
106.392	0.02334
106.356	0.02334
106.32	0.02335
106.288	0.02334
106.255	0.02331
106.22	0.02333
106.185	0.02334
106.15	0.02335
106.118	0.02335
106.08	0.02335
106.043	0.02333
106.005	0.02333
105.97	0.02333
105.933	0.02334
105.897	0.02334
105.858	0.02333
105.817	0.02332
105.782	0.02334
105.749	0.02333
105.717	0.02333
105.682	0.02334
105.649	0.02332
105.615	0.02334
105.583	0.02331
105.546	0.02332
105.512	0.02333
105.478	0.02333
105.445	0.02333
105.411	0.02332
105.378	0.02332
105.349	0.02331
105.317	0.0233
105.285	0.02331
105.251	0.0233
105.214	0.02328
105.172	0.02329
105.135	0.0233
105.101	0.0233
105.07	0.02331
105.04	0.02332
105.008	0.02328
104.974	0.02331
104.94	0.02329
104.909	0.02329
104.871	0.0233
104.837	0.02332
104.8	0.02329
104.759	0.02329
104.715	0.02329
104.679	0.02329
104.648	0.0233
104.62	0.02329
104.584	0.02328
104.547	0.02328
104.512	0.02329
104.472	0.0233
104.437	0.02328
104.4	0.02328
104.366	0.02328
104.328	0.02327
104.294	0.02327
104.262	0.02328
104.227	0.02328
104.196	0.02327
104.162	0.02328
104.131	0.02328
104.097	0.02328
104.071	0.02327
104.045	0.02327
104.019	0.02328
103.99	0.02326
103.962	0.02326
103.93	0.02327
103.894	0.02327
103.852	0.02326
103.808	0.02324
103.77	0.02327
103.738	0.02326
103.706	0.02325
103.671	0.02327
103.639	0.02327
103.604	0.02325
103.571	0.02325
103.537	0.02325
103.503	0.02324
103.466	0.02326
103.431	0.02326
103.393	0.02327
103.36	0.02326
103.323	0.02325
103.287	0.02326
103.254	0.02323
103.221	0.02323
103.192	0.02324
103.16	0.02325
103.126	0.02324
103.085	0.02323
103.044	0.02325
103	0.02326
102.965	0.02323
102.927	0.02323
102.89	0.02323
102.848	0.02323
102.811	0.02325
102.773	0.02322
102.736	0.02322
102.706	0.02324
102.675	0.02323
102.642	0.02323
102.605	0.02321
102.569	0.02322
102.528	0.02321
102.489	0.02321
102.439	0.02321
102.392	0.02321
102.356	0.02321
102.32	0.02323
102.284	0.0232
102.243	0.02322
102.207	0.02322
102.173	0.02322
102.144	0.02321
102.116	0.02322
102.091	0.02321
102.063	0.02321
102.037	0.02319
102.01	0.02323
101.98	0.02322
101.949	0.02322
101.912	0.02317
101.875	0.0232
101.837	0.02319
101.803	0.0232
101.765	0.0232
101.728	0.02319
101.688	0.02319
101.653	0.02321
101.613	0.02319
101.576	0.02319
101.544	0.0232
101.515	0.0232
101.49	0.02319
101.464	0.02319
101.439	0.02318
101.403	0.02318
101.364	0.02319
101.328	0.02319
101.299	0.02319
101.268	0.02319
101.236	0.02319
101.203	0.02317
101.172	0.02319
101.143	0.02317
101.112	0.02316
101.083	0.02318
101.045	0.02319
101.011	0.02317
100.975	0.02318
100.944	0.02318
100.911	0.02317
100.878	0.02316
100.842	0.02315
100.809	0.02316
100.775	0.02316
100.742	0.02317
100.71	0.02317
100.673	0.02315
100.637	0.02316
100.602	0.02315
100.572	0.02316
100.542	0.02318
100.512	0.02316
100.482	0.02316
100.455	0.02316
100.425	0.02314
100.394	0.02315
100.358	0.02315
100.323	0.02315
100.29	0.02316
100.255	0.02315
100.224	0.02315
100.187	0.02314