277.179	0.04613
276.88	0.04608
276.558	0.046
276.26	0.04594
275.939	0.04588
275.619	0.04583
275.321	0.04575
275.002	0.04571
274.704	0.04565
274.387	0.04559
274.089	0.04553
273.772	0.04547
273.478	0.0454
273.162	0.04536
272.867	0.04528
272.552	0.04524
272.238	0.04519
271.947	0.04514
271.635	0.04507
271.345	0.04503
271.035	0.04497
270.747	0.04492
270.439	0.04487
270.152	0.04481
269.845	0.04476
269.561	0.04471
269.255	0.04466
268.944	0.04459
268.646	0.04456
268.319	0.0445
268.009	0.04445
267.671	0.04439
267.355	0.04434
267.016	0.04428
266.7	0.04424
266.36	0.04418
266.044	0.04413
265.707	0.04409
265.394	0.04403
265.062	0.04397
264.73	0.04394
264.422	0.04388
264.093	0.04383
263.788	0.04379
263.464	0.04373
263.163	0.04368
262.844	0.04364
262.544	0.04358
262.224	0.04354
261.929	0.04349
261.615	0.04344
261.326	0.0434
261.017	0.04335
260.709	0.04329
260.423	0.04326
260.116	0.0432
259.832	0.04316
259.532	0.04312
259.254	0.04308
258.955	0.04303
258.68	0.04298
258.387	0.04293
258.115	0.04289
257.825	0.04286
257.533	0.04281
257.262	0.04275
256.974	0.04271
256.709	0.04266
256.431	0.04263
256.172	0.04258
255.894	0.04253
255.635	0.0425
255.36	0.04244
255.108	0.04239
254.837	0.04237
254.583	0.04233
254.309	0.04228
254.038	0.04225
253.787	0.04221
253.519	0.04217
253.273	0.04211
253.011	0.04208
252.766	0.04205
252.507	0.04199
252.267	0.04197
252.008	0.04192
251.768	0.04188
251.509	0.04184
251.269	0.04179
251.013	0.04177
250.759	0.04172
250.525	0.04169
250.276	0.04166
250.045	0.0416
249.799	0.04157
249.569	0.04154
249.323	0.0415
249.094	0.04147
248.85	0.04143
248.623	0.04138
248.381	0.04135
248.138	0.04131
247.912	0.04129
247.669	0.04122
247.444	0.04121
247.204	0.04116
246.982	0.04113
246.745	0.04109
246.526	0.04104
246.292	0.04103
246.075	0.04098
245.844	0.04095
245.627	0.04091
245.395	0.04088
245.161	0.04084
244.945	0.04081
244.715	0.04077
244.501	0.04074
244.272	0.0407
244.061	0.04066
243.834	0.04063
243.623	0.04059
243.398	0.04056
243.19	0.04052
242.968	0.0405
242.746	0.04046
242.54	0.04042
242.318	0.04039
242.114	0.04037
241.894	0.04033
241.69	0.0403
241.472	0.04027
241.268	0.04023
241.049	0.04022
240.846	0.04018
240.629	0.04015
240.413	0.04011
240.214	0.04006
240.001	0.04004
239.802	0.04002
239.59	0.03998
239.39	0.03994
239.177	0.03991
238.981	0.03988
238.771	0.03985
238.577	0.03981
238.37	0.03979
238.163	0.03976
237.972	0.03972
237.765	0.0397
237.573	0.03967
237.368	0.03964
237.177	0.03962
236.97	0.03957
236.779	0.03955
236.575	0.03951
236.385	0.03949
236.184	0.03945
235.995	0.03943
235.793	0.03939
235.593	0.03936
235.407	0.03932
235.208	0.0393
235.024	0.03926
234.826	0.03923
234.642	0.03921
234.444	0.03918
234.26	0.03917
234.064	0.03912
233.883	0.03909
233.688	0.03906
233.507	0.03903
233.314	0.039
233.122	0.03898
232.943	0.03894
232.751	0.03892
232.572	0.0389
232.384	0.03885
232.208	0.03883
232.019	0.03881
231.843	0.03879
231.654	0.03876
231.479	0.03871
231.292	0.03871
231.106	0.03867
230.932	0.03864
230.745	0.0386
230.57	0.03858
230.384	0.03856
230.212	0.03853
230.03	0.0385
229.861	0.03847
229.678	0.03845
229.496	0.03842
229.327	0.0384
229.146	0.03835
228.978	0.03834
228.797	0.03831
228.628	0.03827
228.448	0.03826
228.281	0.03823
228.102	0.03821
227.937	0.03818
227.76	0.03816
227.596	0.03812
227.419	0.03809
227.245	0.03808
227.083	0.03804
226.909	0.03803
226.747	0.038
226.573	0.03798
226.412	0.03795
226.241	0.03793
226.082	0.0379
225.912	0.03788
225.754	0.03786
225.585	0.03782
225.429	0.03779
225.262	0.03776
225.094	0.03777
224.939	0.03772
224.774	0.03771
224.619	0.03767
224.455	0.03766
224.302	0.03763
224.138	0.0376
223.985	0.03758
223.821	0.03756
223.668	0.03752
223.506	0.03752
223.343	0.03749
223.193	0.03746
223.032	0.03744
222.883	0.03743
222.722	0.03739
222.573	0.03737
222.414	0.03735
222.267	0.03734
222.108	0.0373
221.96	0.03728
221.802	0.03726
221.645	0.03723
221.498	0.03721
221.341	0.03719
221.194	0.03717
221.036	0.03716
220.89	0.03712
220.736	0.03711
220.593	0.03707
220.441	0.03705
220.298	0.03703
220.146	0.03702
220.004	0.03699
219.852	0.03697
219.7	0.03696
219.558	0.03693
219.407	0.0369
219.266	0.03687
219.117	0.03688
218.978	0.03683
218.83	0.03682
218.692	0.03679
218.546	0.03678
218.409	0.03675
218.262	0.03673
218.116	0.03672
217.979	0.03671
217.834	0.03668
217.699	0.03666
217.555	0.03663
217.42	0.03663
217.277	0.0366
217.142	0.03658
217	0.03655
216.867	0.03653
216.727	0.03652
216.595	0.0365
216.454	0.03647
216.312	0.03645
216.18	0.03644
216.039	0.03642
215.909	0.0364
215.77	0.03638
215.641	0.03636
215.503	0.03634
215.374	0.03633
215.238	0.03631
215.11	0.03627
214.972	0.03628
214.844	0.03624
214.707	0.03624
214.57	0.03621
214.443	0.03619
214.307	0.03618
214.181	0.03615
214.047	0.03614
213.923	0.03611
213.789	0.03611
213.665	0.03608
213.532	0.03606
213.408	0.03604
213.276	0.03603
213.144	0.03601
213.022	0.03599
212.892	0.03597
212.77	0.03595
212.64	0.03594
212.52	0.03591
212.391	0.03591
212.271	0.03588
212.144	0.03587
212.024	0.03585
211.897	0.03583
211.778	0.03582
211.651	0.03579
211.532	0.03578
211.406	0.03575
211.279	0.03574
211.162	0.03572
211.038	0.03571
210.922	0.03569
210.798	0.03566
210.683	0.03565
210.559	0.03564
210.444	0.03562
210.32	0.0356
210.205	0.03559
210.083	0.03559
209.963	0.03554
209.85	0.03554
209.73	0.03552
209.617	0.03552
209.497	0.03549
209.386	0.03548
209.264	0.03546
209.154	0.03545
209.036	0.03544
208.926	0.03541
208.809	0.03541
208.691	0.03538
208.582	0.03538
208.466	0.03534
208.358	0.03534
208.243	0.03532
208.135	0.0353
208.021	0.03529
207.914	0.03526
207.8	0.03525
207.693	0.03524
207.579	0.03523
207.472	0.03521
207.358	0.03519
207.245	0.03517
207.14	0.03517
207.027	0.03515
206.922	0.03512
206.81	0.03513
206.705	0.0351
206.594	0.03509
206.49	0.03507
206.379	0.03505
206.275	0.03504
206.165	0.03504
206.055	0.03501
205.953	0.03499
205.844	0.035
205.743	0.03497
205.634	0.03498
205.533	0.03494
205.425	0.03494
205.325	0.03492
205.218	0.0349
205.118	0.03489
205.012	0.03488
204.914	0.03487
204.809	0.03484
204.703	0.03483
204.607	0.03482
204.502	0.03481
204.405	0.0348
204.301	0.03478
204.204	0.03477
204.099	0.03475
204.002	0.03473
203.898	0.03472
203.801	0.03472
203.697	0.03469
203.595	0.03469
203.5	0.03466
203.398	0.03465
203.303	0.03464
203.201	0.03463
203.106	0.03462
203.005	0.0346
202.911	0.0346
202.811	0.03459
202.72	0.03457
202.62	0.03455
202.528	0.03453
202.429	0.03453
202.33	0.03451
202.237	0.03451
202.139	0.0345
202.046	0.03448
201.948	0.03446
201.857	0.03444
201.76	0.03443
201.669	0.0344
201.573	0.03441
201.483	0.0344
201.387	0.03439
201.291	0.03438
201.202	0.03436
201.107	0.03436
201.019	0.03434
200.924	0.03433
200.836	0.03432
200.742	0.03432
200.654	0.03429
200.56	0.03428
200.474	0.03427
200.38	0.03426
200.287	0.03424
200.2	0.03424
200.108	0.03423
200.022	0.03421
199.931	0.0342
199.846	0.0342
199.755	0.03418
199.669	0.03416
199.579	0.03416
199.494	0.03415
199.403	0.03414
199.318	0.03413
199.227	0.03411
199.137	0.0341
199.053	0.03408
198.962	0.03407
198.879	0.03405
198.79	0.03406
198.707	0.03406
198.619	0.03403
198.537	0.03402
198.45	0.03401
198.367	0.034
198.276	0.034
198.186	0.03399
198.103	0.03397
198.015	0.03396
197.934	0.03396
197.848	0.03393
197.767	0.03392
197.682	0.03393
197.603	0.03389
197.518	0.03389
197.44	0.0339
197.355	0.03387
197.276	0.03386
197.192	0.03385
197.108	0.03385
197.028	0.03384
196.942	0.03383
196.863	0.03382
196.78	0.03381
196.702	0.0338
196.62	0.03379
196.543	0.03378
196.462	0.03377
196.381	0.03375
196.304	0.03374
196.222	0.03374
196.145	0.03374
196.064	0.03372
195.989	0.03371
195.907	0.0337
195.831	0.03369
195.75	0.03366
195.675	0.03367
195.596	0.03366
195.521	0.03364
195.441	0.03365
195.367	0.03361
195.288	0.0336
195.21	0.03361
195.136	0.03359
195.056	0.03359
194.982	0.03357
194.904	0.03357
194.832	0.03357
194.753	0.03355
194.681	0.03354
194.603	0.03353
194.531	0.03353
194.454	0.03352
194.383	0.03351
194.306	0.0335
194.229	0.0335
194.158	0.03348
194.081	0.03348
194.011	0.03345
193.936	0.03347
193.865	0.03345
193.79	0.03344
193.72	0.03343
193.644	0.03341
193.574	0.03342
193.499	0.03339
193.425	0.0334
193.355	0.03338
193.28	0.03337
193.211	0.03336
193.136	0.03336
193.067	0.03335
192.993	0.03336
192.924	0.03334
192.85	0.03332
192.78	0.03334
192.707	0.0333
192.635	0.0333
192.567	0.03328
192.494	0.03328
192.427	0.03327
192.355	0.03326
192.288	0.03325
192.217	0.03324
192.151	0.03323
192.08	0.03322
192.014	0.03322
191.944	0.0332
191.873	0.0332
191.807	0.03319
191.736	0.03319
191.67	0.03316
191.601	0.03316
191.536	0.03315
191.467	0.03315
191.403	0.03314
191.334	0.03314
191.27	0.03312
191.201	0.03311
191.137	0.03311
191.068	0.03309
190.999	0.03309
190.935	0.03307
190.868	0.03306
190.804	0.03306
190.737	0.03304
190.674	0.03305
190.607	0.03305
190.544	0.03304
190.477	0.03302
190.415	0.03303
190.348	0.03302
190.282	0.03302
190.22	0.033
190.153	0.03299
190.09	0.03297
190.024	0.03298
189.962	0.03296
189.896	0.03296
189.834	0.03296
189.768	0.03294
189.706	0.03293
189.641	0.03293
189.576	0.03291
189.515	0.03291
189.45	0.0329
189.389	0.03289
189.325	0.03287
189.265	0.03288
189.2	0.03286
189.141	0.03286
189.077	0.03287
189.018	0.03284
188.954	0.03285
188.89	0.03284
188.831	0.03285
188.768	0.03284
188.709	0.03283
188.646	0.03281
188.588	0.03283
188.524	0.03282
188.465	0.03281
188.4	0.03277
188.34	0.03278
188.275	0.03277
188.216	0.03277
188.153	0.03277
188.09	0.03275
188.032	0.03275
187.971	0.03274
187.914	0.03275
187.854	0.03272
187.797	0.03273
187.736	0.03271
187.68	0.03271
187.619	0.0327
187.563	0.03271
187.503	0.03271
187.447	0.03268
187.386	0.03268
187.326	0.03267
187.27	0.03267
187.21	0.03265
187.154	0.03266
187.095	0.03265
187.04	0.03265
186.98	0.03265
186.924	0.03263
186.864	0.03262
186.809	0.03261
186.75	0.0326
186.691	0.03259
186.637	0.03259
186.578	0.03258
186.523	0.03257
186.464	0.03257
186.409	0.03256
186.35	0.03256
186.294	0.03256
186.236	0.03254
186.182	0.03253
186.124	0.03255
186.066	0.03251
186.013	0.03252
185.957	0.0325
185.904	0.03252
185.846	0.0325
185.794	0.03251
185.737	0.03249
185.685	0.03248
185.628	0.03248
185.572	0.03247
185.519	0.03247
185.466	0.03246
185.41	0.03246
185.353	0.03244
185.301	0.03245
185.245	0.03244
185.193	0.03243
185.138	0.03244
185.087	0.03242
185.032	0.0324
184.98	0.0324
184.924	0.03238
184.873	0.03238
184.818	0.03239
184.763	0.03238
184.712	0.03236
184.657	0.03237
184.606	0.03236
184.551	0.03234
184.5	0.03234
184.445	0.03235
184.394	0.03234
184.341	0.03234
184.29	0.03233
184.236	0.03232
184.185	0.03231
184.131	0.03231
184.077	0.03229
184.028	0.03229
183.974	0.03228
183.924	0.03227
183.87	0.03228
183.821	0.03226
183.767	0.03226
183.718	0.03227
183.665	0.03225
183.612	0.03224
183.563	0.03225
183.51	0.03223
183.461	0.03225
183.408	0.03223
183.357	0.03223
183.304	0.03222
183.253	0.03221
183.2	0.03221
183.15	0.0322
183.097	0.03221
183.047	0.03218
182.995	0.03218
182.945	0.03218
182.893	0.03219
182.84	0.0322
182.791	0.03218
182.739	0.03218
182.69	0.03215
182.639	0.03216
182.591	0.03216
182.54	0.03215
182.493	0.03214
182.442	0.03214
182.395	0.03213
182.344	0.03213
182.293	0.03211
182.246	0.03211
182.196	0.0321
182.149	0.03209
182.099	0.03209
182.054	0.0321
182.004	0.03208
181.957	0.03206
181.907	0.03207
181.861	0.03206
181.81	0.03205
181.759	0.03205
181.712	0.03205
181.661	0.03203
181.614	0.03203
181.564	0.03202
181.517	0.03202
181.467	0.03202
181.421	0.03201
181.372	0.032
181.327	0.03199
181.278	0.032
181.232	0.03199
181.182	0.03199
181.133	0.03199
181.088	0.03197
181.039	0.03197
180.994	0.03195
180.946	0.03197
180.9	0.03197
180.855	0.03194
180.81	0.03195
180.763	0.03194
180.719	0.03192
180.672	0.03194
180.625	0.03193
180.581	0.03193
180.534	0.03193
180.49	0.0319
180.442	0.03191
180.397	0.03191
180.349	0.0319
180.303	0.03189
180.254	0.03188
180.209	0.03187
180.161	0.03186
180.113	0.03187
180.069	0.03187
180.021	0.03186
179.977	0.03186
179.93	0.03185
179.887	0.03185
179.841	0.03185
179.798	0.03183
179.752	0.03185
179.708	0.03183
179.662	0.03183
179.619	0.03181
179.573	0.03182
179.527	0.03181
179.485	0.03181
179.439	0.03181
179.395	0.03179
179.349	0.03178
179.306	0.03178
179.26	0.03178
179.218	0.03178
179.173	0.03178
179.13	0.03177
179.084	0.03177
179.041	0.03176
178.995	0.03174
178.949	0.03175
178.906	0.03174
178.86	0.03174
178.817	0.03173
178.772	0.03173
178.73	0.03171
178.685	0.03171
178.642	0.03172
178.596	0.03172
178.554	0.0317
178.508	0.03171
178.462	0.03171
178.42	0.0317
178.374	0.03168
178.331	0.03169
178.287	0.03168
178.245	0.03167
178.201	0.03164
178.159	0.03165
178.114	0.03166
178.071	0.03165
178.026	0.03163
177.983	0.03163
177.939	0.03162
177.894	0.03164
177.853	0.03161
177.809	0.03162
177.769	0.03162
177.725	0.0316
177.685	0.03159
177.642	0.0316
177.602	0.0316
177.559	0.03158
177.519	0.03157
177.476	0.03159
177.435	0.03159
177.392	0.03157
177.349	0.03157
177.308	0.03157
177.264	0.03155
177.223	0.03154
177.179	0.03154
177.137	0.03156
177.094	0.03153
177.053	0.03153
177.009	0.03154
176.968	0.03153
176.924	0.03151
176.881	0.03153
176.84	0.03151
176.796	0.03152
176.756	0.03151
176.712	0.03151
176.672	0.03151
176.629	0.0315
176.589	0.03149
176.546	0.0315
176.507	0.03149
176.465	0.0315
176.426	0.03148
176.384	0.03148
176.342	0.03147
176.302	0.03146
176.259	0.03146
176.219	0.03146
176.177	0.03145
176.138	0.03144
176.097	0.03144
176.058	0.03144
176.017	0.03142
175.978	0.03142
175.937	0.03142
175.898	0.03142
175.857	0.03141
175.816	0.0314
175.777	0.0314
175.736	0.03139
175.698	0.03141
175.657	0.0314
175.619	0.0314
175.578	0.03138
175.54	0.03138
175.499	0.03138
175.46	0.03137
175.419	0.03137
175.379	0.03136
175.341	0.03135
175.303	0.03136
175.262	0.03133
175.22	0.03134
175.18	0.03135
175.138	0.03133
175.1	0.03134
175.058	0.03133
175.021	0.03133
174.981	0.03132
174.943	0.03132
174.903	0.03131
174.865	0.0313
174.824	0.0313
174.786	0.03129
174.745	0.03129
174.704	0.0313
174.666	0.03127
174.625	0.03127
174.588	0.03129
174.548	0.03128
174.51	0.03127
174.469	0.03125
174.431	0.03124
174.39	0.03124
174.352	0.03124
174.31	0.03125
174.269	0.03124
174.23	0.03123
174.187	0.03121
174.147	0.03123
174.105	0.03123
174.066	0.03122
174.025	0.03121
173.987	0.0312
173.946	0.03121
173.909	0.0312
173.869	0.03119
173.833	0.0312
173.793	0.03119
173.752	0.03118
173.715	0.03119
173.675	0.03119
173.637	0.03117
173.597	0.03118
173.559	0.03117
173.52	0.03118
173.484	0.03115
173.445	0.03116
173.407	0.03114
173.368	0.03115
173.331	0.03115
173.291	0.03115
173.251	0.03115
173.214	0.03113
173.174	0.03112
173.137	0.03114
173.099	0.03114
173.062	0.03111
173.024	0.03112
172.987	0.03112
172.948	0.03111
172.911	0.0311
172.872	0.03111
172.833	0.03108
172.797	0.0311
172.758	0.03109
172.722	0.03108
172.683	0.03108
172.647	0.03107
172.609	0.03106
172.573	0.03105
172.533	0.03104
172.497	0.03107
172.458	0.03106
172.42	0.03104
172.384	0.03105
172.345	0.03103
172.309	0.03104
172.271	0.03104
172.235	0.03104
172.197	0.03104
172.161	0.03102
172.123	0.03101
172.087	0.03101
172.049	0.031
172.014	0.03102
171.976	0.03099
171.938	0.031
171.901	0.031
171.861	0.031
171.824	0.03101
171.784	0.031
171.747	0.03099
171.708	0.03099
171.673	0.03097
171.635	0.03096
171.6	0.03096
171.563	0.03098
171.525	0.03097
171.49	0.03094
171.452	0.03096
171.418	0.03095
171.381	0.03095
171.347	0.03096
171.31	0.03095
171.276	0.03094
171.239	0.03093
171.202	0.03093
171.168	0.03093
171.129	0.03093
171.092	0.03093
171.053	0.03092
171.017	0.03091
170.978	0.03092
170.942	0.03092
170.904	0.03091
170.869	0.0309
170.831	0.0309
170.796	0.03089
170.758	0.0309
170.72	0.03089
170.685	0.03088
170.648	0.03088
170.614	0.03088
170.578	0.03087
170.544	0.03085
170.507	0.03086
170.473	0.03087
170.436	0.03086
170.401	0.03084
170.363	0.03084
170.328	0.03082
170.29	0.03083
170.254	0.03082
170.216	0.03083
170.179	0.03081
170.144	0.03082
170.107	0.03081
170.071	0.03082
170.033	0.03081
169.997	0.0308
169.959	0.0308
169.923	0.0308
169.884	0.0308
169.846	0.03079
169.812	0.0308
169.776	0.03077
169.743	0.03079
169.707	0.03079
169.673	0.03078
169.637	0.03077
169.602	0.03076
169.565	0.03077
169.531	0.03076
169.495	0.03076
169.461	0.03075
169.424	0.03076
169.389	0.03076
169.35	0.03075
169.312	0.03075
169.276	0.03074
169.239	0.03073
169.205	0.03074
169.168	0.03072
169.133	0.03073
169.097	0.03073
169.063	0.03072
169.026	0.03071
168.992	0.0307
168.955	0.03072
168.921	0.0307
168.884	0.0307
168.848	0.0307
168.813	0.03068
168.775	0.03067
168.74	0.03068
168.701	0.03069
168.664	0.03068
168.625	0.03067
168.59	0.03067
168.553	0.03068
168.515	0.03063
168.482	0.03068
168.446	0.03065
168.413	0.03066
168.378	0.03064
168.344	0.03065
168.31	0.03064
168.277	0.03063
168.241	0.03065
168.208	0.03063
168.173	0.03064
168.14	0.03062
168.105	0.03062
168.071	0.03062
168.036	0.03062
168	0.03061
167.966	0.0306
167.93	0.03061
167.897	0.03061
167.861	0.0306
167.827	0.0306
167.791	0.03059
167.758	0.03057
167.723	0.03061
167.69	0.03057
167.654	0.03058
167.62	0.03057
167.583	0.03058
167.547	0.03056
167.514	0.03056
167.478	0.03057
167.444	0.03054
167.408	0.03056
167.373	0.03054
167.337	0.03055
167.303	0.03055
167.266	0.03055
167.231	0.03053
167.193	0.03053
167.155	0.03055
167.121	0.03053
167.084	0.03054
167.05	0.03051
167.014	0.03053
166.981	0.03052
166.945	0.03052
166.912	0.0305
166.877	0.03051
166.846	0.03048
166.811	0.03052
166.778	0.03048
166.742	0.0305
166.707	0.03048
166.674	0.03049
166.638	0.03049
166.605	0.03048
166.569	0.03048
166.536	0.03048
166.501	0.03047
166.467	0.03048
166.431	0.03047
166.397	0.03047
166.361	0.03047
166.327	0.03045
166.292	0.03045
166.256	0.03046
166.223	0.03044
166.188	0.03043
166.156	0.03043
166.12	0.03044
166.087	0.03044
166.052	0.03043
166.02	0.03044
165.985	0.03042
165.953	0.03042
165.919	0.03042
165.884	0.03042
165.852	0.03041
165.817	0.03042
165.784	0.03041
165.75	0.0304
165.717	0.03039
165.683	0.0304
165.649	0.03039
165.614	0.03043
165.582	0.03039
165.547	0.03038
165.511	0.03039
165.479	0.03036
165.443	0.03039
165.41	0.03038
165.376	0.03038
165.344	0.03036
165.309	0.03038
165.277	0.03034
165.243	0.03037
165.211	0.03036
165.176	0.03035
165.143	0.03036
165.107	0.03035
165.071	0.03033
165.039	0.03032
165.004	0.03034
164.972	0.03033
164.937	0.03033
164.905	0.03032
164.871	0.03032
164.839	0.03032
164.805	0.03032
164.773	0.03031
164.738	0.03031
164.702	0.03029
164.669	0.03029
164.634	0.03029
164.601	0.03029
164.565	0.0303
164.531	0.03028
164.495	0.03029
164.462	0.03027
164.426	0.0303
164.394	0.03029
164.359	0.03028
164.327	0.03027
164.294	0.03026
164.26	0.03027
164.229	0.03027
164.195	0.03028
164.163	0.03025
164.13	0.03024
164.097	0.03025
164.064	0.03023
164.031	0.03024
163.997	0.03024
163.966	0.03023
163.933	0.03023
163.899	0.03023
163.867	0.03023
163.832	0.03023
163.799	0.03023
163.764	0.03021
163.732	0.03021
163.697	0.03021
163.666	0.0302
163.632	0.03022
163.599	0.0302
163.564	0.0302
163.53	0.03021
163.493	0.03018
163.455	0.0302
163.42	0.03019
163.383	0.03017
163.349	0.03019
163.312	0.03018
163.279	0.03018
163.242	0.03018
163.209	0.03016
163.172	0.03017
163.139	0.03016
163.103	0.03016
163.069	0.03015
163.036	0.03018
163.002	0.03015
162.969	0.03015
162.934	0.03014
162.901	0.03015
162.867	0.03013
162.836	0.03015
162.803	0.03012
162.772	0.03014
162.739	0.03013
162.705	0.03012
162.673	0.03011
162.64	0.03012
162.608	0.03011
162.574	0.03012
162.543	0.03013
162.508	0.0301
162.476	0.03011
162.44	0.03008
162.408	0.0301
162.373	0.03009
162.339	0.03009
162.304	0.03008
162.27	0.03008
162.238	0.0301
162.204	0.03007
162.173	0.03007
162.139	0.03007
162.107	0.03006
162.074	0.03008
162.043	0.03006
162.009	0.03007
161.978	0.03007
161.944	0.03006
161.91	0.03003
161.878	0.03006
161.845	0.03004
161.814	0.03005
161.78	0.03003
161.749	0.03004
161.716	0.03003
161.685	0.03003
161.651	0.03002
161.619	0.03002
161.584	0.03003
161.55	0.03001
161.515	0.03002
161.478	0.03002
161.445	0.02999
161.409	0.03002
161.376	0.02998
161.342	0.03001
161.31	0.02999
161.276	0.03001
161.244	0.02999
161.209	0.02999
161.177	0.02998
161.142	0.02998
161.108	0.02999
161.077	0.02998
161.043	0.02998
161.011	0.02998
160.976	0.02996
160.943	0.02998
160.909	0.02996
160.879	0.02997
160.846	0.02996
160.817	0.02995
160.785	0.02994
160.753	0.02996
160.723	0.02993
160.69	0.02996
160.659	0.02992
160.625	0.02995
160.594	0.02995
160.561	0.02993
160.531	0.02992
160.499	0.02992
160.47	0.02992
160.438	0.02992
160.407	0.02992
160.374	0.02992
160.341	0.02988
160.309	0.02991
160.276	0.02991
160.244	0.0299
160.21	0.0299
160.178	0.02989
160.145	0.02989
160.113	0.0299
160.079	0.02988
160.048	0.02991
160.015	0.02988
159.982	0.02988
159.951	0.02989
159.918	0.02987
159.887	0.02988
159.854	0.02987
159.822	0.02987
159.788	0.02987
159.757	0.02985
159.724	0.02986
159.694	0.02985
159.661	0.02984
159.63	0.02984
159.598	0.02984
159.565	0.02982
159.534	0.02984
159.501	0.02985
159.47	0.02981
159.436	0.02984
159.404	0.02983
159.369	0.02983
159.337	0.02983
159.302	0.02983
159.268	0.02979
159.237	0.02984
159.203	0.0298
159.172	0.02981
159.138	0.0298
159.107	0.0298
159.073	0.02981
159.042	0.0298
159.01	0.02979
158.979	0.02979
158.945	0.02979
158.912	0.0298
158.878	0.02978
158.846	0.02979
158.813	0.02977
158.78	0.02977
158.749	0.02977
158.716	0.02978
158.685	0.02977
158.652	0.02977
158.622	0.02975
158.589	0.02975
158.558	0.02976
158.524	0.02976
158.493	0.02974
158.46	0.02974
158.425	0.02974
158.392	0.02973
158.357	0.02974
158.326	0.02972
158.292	0.02974
158.261	0.02972
158.228	0.02972
158.198	0.02972
158.166	0.02971
158.137	0.02973
158.106	0.02971
158.074	0.02971
158.043	0.02973
158.008	0.02969
157.976	0.02971
157.943	0.02971
157.912	0.02969
157.88	0.02971
157.849	0.02971
157.813	0.02966
157.779	0.02971
157.742	0.0297
157.708	0.02967
157.672	0.02968
157.639	0.02968
157.605	0.02967
157.571	0.02969
157.539	0.02966
157.505	0.02968
157.472	0.02967
157.437	0.02964
157.405	0.02965
157.371	0.02967
157.34	0.02965
157.307	0.02963
157.276	0.02966
157.243	0.02963
157.209	0.02964
157.179	0.02965
157.146	0.02963
157.116	0.02965
157.085	0.02962
157.054	0.02962
157.022	0.02964
156.992	0.02963
156.958	0.02962
156.927	0.02962
156.893	0.02962
156.86	0.02962
156.829	0.02963
156.796	0.0296
156.766	0.02959
156.734	0.02961
156.705	0.0296
156.674	0.02961
156.644	0.02959
156.61	0.02958
156.577	0.02959
156.541	0.02958
156.507	0.02958
156.473	0.02958
156.439	0.02957
156.409	0.02959
156.375	0.02956
156.344	0.02958
156.311	0.02956
156.28	0.02957
156.248	0.02955
156.217	0.02956
156.185	0.02955
156.154	0.02955
156.121	0.02955
156.089	0.02955
156.059	0.02954
156.025	0.02953
155.993	0.02953
155.958	0.02957
155.927	0.02954
155.894	0.02952
155.863	0.02955
155.83	0.02952
155.8	0.02952
155.768	0.02952
155.739	0.0295
155.707	0.02952
155.675	0.02951
155.645	0.02953
155.613	0.02952
155.583	0.02949
155.55	0.0295
155.519	0.0295
155.486	0.02949
155.454	0.0295
155.42	0.02947
155.388	0.0295
155.354	0.02951
155.322	0.02948
155.29	0.02947
155.258	0.02951
155.229	0.02945
155.198	0.02948
155.169	0.02948
155.139	0.02946
155.112	0.02948
155.081	0.02948
155.051	0.02945
155.019	0.02947
154.988	0.02943
154.956	0.02945
154.923	0.02947
154.892	0.02943
154.859	0.02946
154.828	0.02945
154.795	0.02944
154.763	0.02943
154.729	0.02945
154.696	0.02943
154.662	0.02943
154.629	0.02945
154.595	0.02942
154.56	0.02943
154.528	0.02943
154.493	0.02941
154.461	0.02941
154.427	0.02942
154.396	0.02942
154.363	0.0294
154.332	0.02942
154.3	0.0294
154.27	0.02939
154.239	0.0294
154.209	0.0294
154.177	0.0294
154.147	0.0294
154.118	0.02937
154.088	0.02941
154.059	0.02937
154.029	0.02939
154	0.02939
153.97	0.02937
153.941	0.02937
153.909	0.02938
153.88	0.02937
153.849	0.02936
153.819	0.02936
153.788	0.02937
153.755	0.02937
153.723	0.02935
153.689	0.02934
153.659	0.02937
153.626	0.02934
153.596	0.02934
153.564	0.02934
153.533	0.02933
153.499	0.02934
153.468	0.02932
153.435	0.0293
153.402	0.02936
153.372	0.02933
153.339	0.02932
153.31	0.02932
153.278	0.02933
153.248	0.02932
153.215	0.02933
153.184	0.0293
153.15	0.02933
153.119	0.0293
153.085	0.02933
153.054	0.02933
153.021	0.02931
152.989	0.02932
152.959	0.02929
152.926	0.02931
152.896	0.02929
152.863	0.02931
152.831	0.02929
152.796	0.02931
152.765	0.02929
152.732	0.02928
152.701	0.02929
152.668	0.02926
152.636	0.02931
152.601	0.02927
152.566	0.02931
152.534	0.02928
152.5	0.02928
152.469	0.02929
152.436	0.02925
152.406	0.02929
152.375	0.02927
152.345	0.02927
152.313	0.02926
152.282	0.02925
152.25	0.02927
152.217	0.02925
152.186	0.02925
152.154	0.02927
152.124	0.02923
152.092	0.02926
152.062	0.02925
152.03	0.02924
152	0.02926
151.968	0.02924
151.937	0.02924
151.904	0.02922
151.875	0.02922
151.843	0.02924
151.811	0.02924
151.781	0.02924
151.749	0.02924
151.719	0.02922
151.686	0.02922
151.656	0.0292
151.625	0.02921
151.595	0.02921
151.562	0.0292
151.531	0.02922
151.498	0.02918
151.467	0.0292
151.435	0.02922
151.404	0.02919
151.374	0.0292
151.343	0.02921
151.313	0.02919
151.281	0.02918
151.251	0.0292
151.219	0.02918
151.189	0.02919
151.158	0.02918
151.128	0.02919
151.098	0.02918
151.066	0.02916
151.036	0.02918
151.001	0.02917
150.969	0.02917
150.935	0.02916
150.904	0.02918
150.871	0.02916
150.841	0.02917
150.809	0.02916
150.779	0.02916
150.746	0.02917
150.716	0.02915
150.684	0.02914
150.652	0.02915
150.621	0.02914
150.586	0.02914
150.553	0.02913
150.519	0.02914
150.487	0.02913
150.455	0.02914
150.425	0.02912
150.394	0.02913
150.366	0.02914
150.336	0.02914
150.309	0.02913
150.28	0.02911
150.251	0.02913
150.224	0.02912
150.194	0.02909
150.166	0.02911
150.136	0.02912
150.108	0.0291
150.078	0.02909
150.048	0.02911
150.016	0.02908
149.987	0.0291
149.956	0.02911
149.924	0.02909
149.895	0.02909
149.865	0.0291
149.835	0.02909
149.804	0.02908
149.774	0.02907
149.743	0.0291
149.713	0.02909
149.681	0.02908
149.652	0.02908
149.62	0.02905
149.591	0.02909
149.559	0.02907
149.524	0.02907
149.492	0.02908
149.458	0.02905
149.425	0.02907
149.392	0.02905
149.359	0.02907
149.325	0.02905
149.293	0.02902
149.26	0.02905
149.229	0.02904
149.197	0.02902
149.166	0.02904
149.132	0.02903
149.095	0.02904
149.061	0.02905
149.025	0.02903
148.992	0.02901
148.957	0.02903
148.925	0.02903
148.891	0.029
148.859	0.02903
148.825	0.02901
148.793	0.02901
148.758	0.02901
148.724	0.029
148.691	0.029
148.658	0.02901
148.626	0.02902
148.592	0.029
148.56	0.02901
148.526	0.029
148.494	0.02899
148.46	0.029
148.428	0.02897
148.396	0.029
148.365	0.029
148.332	0.02898
148.298	0.02898
148.268	0.02899
148.235	0.02898
148.205	0.02899
148.174	0.02898
148.145	0.02897
148.114	0.02898
148.086	0.02897
148.056	0.02897
148.029	0.02898
148	0.02896
147.973	0.02897
147.944	0.02897
147.913	0.02894
147.884	0.02896
147.852	0.02896
147.823	0.02894
147.792	0.02893
147.762	0.02893
147.73	0.02894
147.699	0.02894
147.665	0.02895
147.631	0.02892
147.599	0.02892
147.565	0.02895
147.534	0.02894
147.5	0.02892
147.47	0.02893
147.439	0.02894
147.409	0.02891
147.376	0.02891
147.345	0.02891
147.312	0.02892
147.282	0.02892
147.251	0.02891
147.221	0.02889
147.188	0.02888
147.156	0.02891
147.125	0.0289
147.091	0.02889
147.058	0.02889
147.023	0.02887
146.992	0.02888
146.957	0.02891
146.924	0.02889
146.889	0.02889
146.858	0.0289
146.825	0.02887
146.792	0.02886
146.763	0.02889
146.731	0.02886
146.703	0.02886
146.674	0.02887
146.645	0.02886
146.614	0.02887
146.585	0.02885
146.553	0.02886
146.523	0.02887
146.491	0.02886
146.462	0.02886
146.432	0.02885
146.401	0.02884
146.371	0.02884
146.338	0.02884
146.307	0.02885
146.275	0.02884
146.245	0.02885
146.212	0.02885
146.18	0.02886
146.146	0.02882
146.114	0.02883
146.079	0.02883
146.047	0.02882
146.012	0.02881
145.978	0.0288
145.947	0.02884
145.914	0.02882
145.884	0.02881
145.854	0.02883
145.826	0.0288
145.797	0.0288
145.769	0.02882
145.739	0.0288
145.712	0.02878
145.682	0.02881
145.653	0.02878
145.625	0.02879
145.594	0.02878
145.565	0.02879
145.533	0.02879
145.503	0.02879
145.47	0.02879
145.439	0.02876
145.404	0.02879
145.372	0.02876
145.338	0.0288
145.308	0.02879
145.275	0.02877
145.243	0.02876
145.214	0.02878
145.182	0.02878
145.153	0.02875
145.123	0.02876
145.094	0.02874
145.064	0.02876
145.035	0.02875
145.004	0.02877
144.974	0.02876
144.942	0.02873
144.913	0.02875
144.881	0.02876
144.849	0.02875
144.818	0.02874
144.785	0.02874
144.754	0.02873
144.721	0.02874
144.69	0.02874
144.655	0.02872
144.624	0.02872
144.589	0.02872
144.556	0.02873
144.52	0.02872
144.487	0.02873
144.451	0.02874
144.416	0.02869
144.383	0.02871
144.348	0.02872
144.316	0.02869
144.283	0.0287
144.252	0.02871
144.22	0.02871
144.191	0.02871
144.16	0.02872
144.131	0.02869
144.102	0.02868
144.072	0.02871
144.045	0.02868
144.015	0.0287
143.986	0.02869
143.954	0.02866
143.924	0.0287
143.89	0.02867
143.859	0.02868
143.826	0.02868
143.794	0.02867
143.761	0.02867
143.729	0.02865
143.696	0.02867
143.664	0.02865
143.635	0.02866
143.603	0.02865
143.572	0.02867
143.54	0.02866
143.51	0.02863
143.477	0.02864
143.448	0.02867
143.415	0.02863
143.385	0.02863
143.354	0.02866
143.323	0.02865
143.294	0.02864
143.263	0.02862
143.235	0.02864
143.206	0.02862
143.179	0.02863
143.149	0.02865
143.12	0.02864
143.089	0.02863
143.058	0.02863
143.027	0.02863
142.993	0.02862
142.961	0.02862
142.927	0.02863
142.896	0.02859
142.864	0.02861
142.834	0.02862
142.801	0.0286
142.768	0.02861
142.734	0.02861
142.703	0.02858
142.669	0.02861
142.637	0.0286
142.602	0.02858
142.568	0.02859
142.536	0.0286
142.503	0.02857
142.47	0.02858
142.436	0.02859
142.404	0.02861
142.371	0.02858
142.34	0.02858
142.306	0.02859
142.273	0.02857
142.238	0.02858
142.201	0.02857
142.169	0.02859
142.135	0.02858
142.103	0.02855
142.071	0.02858
142.04	0.02858
142.009	0.02857
141.98	0.02855
141.949	0.02855
141.919	0.02856
141.886	0.02856
141.855	0.02854
141.823	0.02854
141.793	0.02854
141.765	0.02855
141.735	0.02855
141.706	0.02854
141.675	0.02853
141.645	0.02853
141.612	0.02855
141.581	0.02854
141.546	0.02853
141.515	0.02856
141.481	0.0285
141.447	0.02852
141.416	0.02854
141.384	0.02853
141.355	0.02851
141.323	0.02851
141.294	0.02851
141.263	0.02852
141.234	0.02851
141.203	0.02852
141.174	0.0285
141.143	0.0285
141.115	0.0285
141.084	0.0285
141.053	0.02848
141.025	0.0285
140.995	0.02848
140.968	0.02849
140.936	0.02848
140.907	0.02851
140.875	0.02849
140.845	0.02847
140.811	0.02847
140.781	0.02848
140.747	0.02849
140.715	0.02847
140.68	0.02848
140.645	0.02847
140.612	0.02847
140.577	0.02848
140.545	0.02847
140.511	0.02846
140.481	0.02847
140.447	0.02847
140.416	0.02846
140.383	0.02846
140.353	0.02844
140.319	0.02844
140.285	0.02847
140.252	0.02844
140.218	0.02845
140.187	0.02846
140.154	0.02846
140.123	0.02842
140.091	0.02844
140.06	0.02845
140.028	0.02843
139.997	0.02845
139.964	0.02843
139.933	0.02841
139.898	0.02842
139.864	0.02843
139.832	0.02843
139.798	0.02841
139.767	0.02842
139.735	0.02841
139.704	0.02842
139.672	0.02843
139.642	0.02841
139.61	0.0284
139.581	0.02839
139.55	0.02841
139.52	0.02842
139.488	0.02842
139.456	0.0284
139.425	0.02839
139.393	0.02841
139.362	0.0284
139.328	0.02839
139.295	0.02838
139.261	0.02838
139.229	0.02838
139.196	0.02838
139.165	0.02837
139.132	0.0284
139.101	0.02839
139.072	0.02836
139.04	0.02838
139.011	0.02837
138.979	0.02837
138.949	0.02838
138.917	0.02837
138.886	0.02836
138.853	0.02835
138.823	0.02835
138.789	0.02838
138.758	0.02836
138.725	0.02836
138.691	0.02836
138.66	0.02835
138.626	0.02836
138.595	0.02834
138.563	0.02834
138.535	0.02834
138.505	0.02833
138.478	0.02835
138.45	0.02835
138.42	0.02833
138.393	0.02834
138.364	0.02833
138.334	0.02834
138.303	0.02831
138.273	0.02831
138.243	0.02833
138.214	0.02832
138.182	0.02833
138.152	0.0283
138.12	0.0283
138.09	0.02833
138.058	0.02832
138.028	0.02831
137.996	0.02829
137.965	0.02832
137.937	0.02831
137.908	0.02831
137.879	0.02828
137.846	0.02832
137.815	0.02829
137.783	0.02829
137.755	0.02829
137.724	0.0283
137.695	0.02829
137.664	0.02829
137.632	0.02829
137.602	0.02827
137.57	0.0283
137.541	0.02826
137.509	0.02827
137.477	0.02828
137.443	0.02828
137.411	0.02828
137.376	0.02824
137.344	0.02826
137.31	0.02828
137.276	0.02828
137.244	0.02827
137.21	0.02826
137.179	0.02827
137.144	0.02827
137.111	0.02826
137.075	0.02825
137.042	0.02826
137.008	0.02826
136.976	0.02825
136.943	0.02823
136.913	0.02825
136.882	0.02825
136.852	0.02825
136.823	0.02825
136.793	0.02825
136.764	0.02824
136.733	0.02823
136.705	0.02823
136.674	0.02824
136.646	0.02824
136.618	0.02822
136.591	0.02822
136.563	0.02822
136.536	0.02823
136.507	0.02822
136.477	0.02821
136.448	0.02823
136.418	0.02822
136.389	0.0282
136.357	0.02818
136.328	0.02823
136.297	0.02823
136.268	0.02821
136.235	0.02819
136.204	0.02821
136.171	0.02819
136.138	0.02819
136.108	0.0282
136.075	0.02819
136.044	0.02817
136.012	0.02819
135.982	0.02821
135.951	0.02819
135.922	0.02817
135.891	0.02818
135.863	0.0282
135.834	0.02819
135.808	0.02818
135.779	0.02819
135.75	0.02816
135.724	0.02817
135.696	0.02817
135.669	0.0282
135.638	0.02818
135.61	0.02818
135.58	0.02816
135.552	0.02816
135.521	0.02817
135.491	0.02815
135.459	0.02815
135.429	0.02816
135.396	0.02815
135.363	0.02815
135.331	0.02813
135.296	0.02813
135.261	0.02815
135.223	0.02814
135.189	0.02813
135.154	0.02814
135.122	0.02814
135.089	0.02814
135.059	0.02813
135.027	0.02812
134.995	0.02812
134.966	0.02814
134.933	0.02813
134.903	0.02812
134.872	0.02814
134.842	0.02811
134.809	0.02812
134.78	0.02813
134.749	0.02811
134.721	0.02814
134.691	0.02809
134.661	0.02809
134.629	0.02811
134.596	0.02811
134.564	0.0281
134.53	0.02813
134.498	0.02809
134.464	0.02811
134.431	0.02808
134.397	0.02811
134.366	0.02812
134.334	0.02809
134.306	0.02808
134.276	0.02807
134.245	0.02808
134.216	0.02808
134.184	0.02808
134.155	0.02808
134.121	0.02809
134.09	0.02808
134.056	0.02808
134.026	0.02807
133.995	0.02807
133.966	0.02807
133.936	0.02808
133.907	0.02807
133.876	0.02807
133.846	0.02808
133.817	0.02806
133.785	0.02805
133.755	0.02807
133.724	0.02805
133.695	0.02807
133.663	0.02806
133.631	0.02804
133.598	0.02804
133.567	0.02806
133.535	0.02803
133.505	0.02805
133.476	0.02804
133.446	0.02804
133.418	0.02804
133.388	0.02804
133.358	0.02804
133.325	0.02804
133.295	0.02804
133.262	0.02805
133.232	0.02801
133.201	0.02804
133.17	0.02803
133.139	0.02802
133.107	0.02804
133.077	0.02804
133.044	0.02803
133.014	0.02802
132.983	0.02801
132.953	0.028
132.921	0.02801
132.891	0.02802
132.857	0.02802
132.828	0.02801
132.798	0.028
132.767	0.02801
132.738	0.028
132.706	0.02798
132.673	0.02802
132.639	0.02798
132.609	0.02799
132.578	0.02799
132.55	0.02801
132.521	0.02799
132.493	0.028
132.463	0.02799
132.434	0.02799
132.405	0.02798
132.375	0.02799
132.346	0.02799
132.316	0.02798
132.287	0.02797
132.257	0.02796
132.229	0.02798
132.2	0.028
132.171	0.02799
132.14	0.02797
132.111	0.02794
132.081	0.02795
132.05	0.02797
132.018	0.02797
131.986	0.02797
131.957	0.02796
131.925	0.02795
131.897	0.02794
131.866	0.02795
131.838	0.02796
131.806	0.02793
131.777	0.02794
131.747	0.02796
131.718	0.02793
131.689	0.02794
131.657	0.02793
131.625	0.02795
131.593	0.02796
131.563	0.02794
131.533	0.02793
131.504	0.02793
131.473	0.02793
131.444	0.02793
131.413	0.02795
131.385	0.02795
131.355	0.02794
131.326	0.02792
131.297	0.0279
131.266	0.02789
131.235	0.0279
131.202	0.0279
131.172	0.02795
131.14	0.02793
131.109	0.02792
131.08	0.02794
131.052	0.02792
131.022	0.0279
130.992	0.0279
130.963	0.02791
130.932	0.0279
130.902	0.02789
130.868	0.02791
130.837	0.0279
130.804	0.0279
130.774	0.0279
130.742	0.0279
130.711	0.02788
130.678	0.02789
130.644	0.0279
130.613	0.02787
130.58	0.02788
130.548	0.02787
130.514	0.02786
130.481	0.02787
130.446	0.0279
130.412	0.02788
130.375	0.02788
130.341	0.02788
130.305	0.02788
130.272	0.02787
130.237	0.02786
130.207	0.02786
130.174	0.02785
130.14	0.02787
130.109	0.02786
130.076	0.02787
130.046	0.02784
130.013	0.02784
129.982	0.02786
129.947	0.02786
129.914	0.02787
129.883	0.02786
129.854	0.02786
129.823	0.02786
129.794	0.02785
129.762	0.02786
129.73	0.02786
129.699	0.02784
129.666	0.02785
129.635	0.02783
129.601	0.02781
129.567	0.02785
129.53	0.02784
129.496	0.02785
129.46	0.02782
129.427	0.02783
129.393	0.02781
129.362	0.02782
129.333	0.02785
129.301	0.02783
129.27	0.02779
129.237	0.0278
129.207	0.02782
129.175	0.02783
129.146	0.02783
129.115	0.02782
129.086	0.02778
129.055	0.0278
129.026	0.02784
128.994	0.02782
128.962	0.02781
128.932	0.02779
128.9	0.0278
128.87	0.0278
128.839	0.02779
128.808	0.0278
128.776	0.02781
128.743	0.0278
128.712	0.02776
128.681	0.02778
128.65	0.02778
128.62	0.02778
128.592	0.02779
128.561	0.02776
128.532	0.02777
128.502	0.02777
128.474	0.02779
128.443	0.02779
128.412	0.0278
128.379	0.02777
128.348	0.02778
128.315	0.02776
128.283	0.02778
128.25	0.02777
128.216	0.02779
128.186	0.02778
128.152	0.02775
128.12	0.02777
128.085	0.02775
128.051	0.02774
128.014	0.02776
127.978	0.02777
127.941	0.02775
127.908	0.02775
127.873	0.02774
127.84	0.02774
127.81	0.02776
127.78	0.02776
127.752	0.02773
127.723	0.02773
127.697	0.02774
127.669	0.02775
127.642	0.02778
127.612	0.02773
127.581	0.02772
127.551	0.02771
127.518	0.02773
127.487	0.02776
127.455	0.02773
127.425	0.02772
127.391	0.02771
127.359	0.02772
127.326	0.02776
127.295	0.02774
127.262	0.02772
127.232	0.02771
127.201	0.02772
127.173	0.02771
127.141	0.02774
127.11	0.02772
127.08	0.02771
127.047	0.02771
127.018	0.0277
126.986	0.02771
126.956	0.02772
126.923	0.02769
126.892	0.02768
126.861	0.0277
126.832	0.02769
126.803	0.02772
126.776	0.02773
126.748	0.02768
126.719	0.02766
126.691	0.02769
126.661	0.02768
126.631	0.02768
126.597	0.02768
126.564	0.02769
126.532	0.02769
126.503	0.02768
126.472	0.02766
126.443	0.02767
126.412	0.02765
126.381	0.02765
126.35	0.02767
126.316	0.02769
126.286	0.02769
126.256	0.02767
126.226	0.02768
126.193	0.02765
126.163	0.02765
126.13	0.02765
126.098	0.02767
126.069	0.02764
126.037	0.02765
126.008	0.02765
125.975	0.02766
125.944	0.02766
125.911	0.02765
125.88	0.02765
125.848	0.02762
125.818	0.02766
125.788	0.02766
125.758	0.02763
125.728	0.02764
125.695	0.02763
125.662	0.02762
125.627	0.02762
125.595	0.02765
125.561	0.02764
125.529	0.02765
125.495	0.02764
125.461	0.02762
125.429	0.02761
125.394	0.02761
125.36	0.02761
125.323	0.02763
125.288	0.02763
125.249	0.02765
125.214	0.02759
125.177	0.02757
125.143	0.02762
125.109	0.02762
125.077	0.02763
125.045	0.02761
125.009	0.02759
124.973	0.0276
124.937	0.02761
124.905	0.0276
124.871	0.0276
124.841	0.02759
124.809	0.02759
124.778	0.0276
124.747	0.02758
124.717	0.02759
124.686	0.0276
124.654	0.02759
124.623	0.02759
124.59	0.02759
124.559	0.02758
124.527	0.02758
124.497	0.02758
124.465	0.02758
124.434	0.02759
124.399	0.02758
124.366	0.02759
124.332	0.02758
124.299	0.02757
124.27	0.02757
124.241	0.02757
124.214	0.02757
124.184	0.02755
124.156	0.02757
124.125	0.02757
124.093	0.02756
124.064	0.02754
124.034	0.02756
124.002	0.02755
123.968	0.02756
123.936	0.02755
123.903	0.02756
123.873	0.02754
123.839	0.02755
123.807	0.02753
123.771	0.02754
123.737	0.02754
123.701	0.02754
123.668	0.02755
123.634	0.02755
123.601	0.02755
123.565	0.02753
123.529	0.02752
123.497	0.02754
123.464	0.02757
123.433	0.02754
123.397	0.02753
123.365	0.02751
123.331	0.02752
123.299	0.02753
123.264	0.02756
123.232	0.02752
123.199	0.0275
123.168	0.02751
123.14	0.0275
123.111	0.02753
123.082	0.02754
123.051	0.02752
123.021	0.02752
122.989	0.02751
122.959	0.0275
122.926	0.02749
122.891	0.02751
122.858	0.02753
122.826	0.02752
122.793	0.02751
122.759	0.02753
122.728	0.0275
122.697	0.02748
122.667	0.02748
122.635	0.02749
122.603	0.02751
122.569	0.0275
122.538	0.02751
122.504	0.02748
122.472	0.02745
122.438	0.02748
122.404	0.0275
122.373	0.0275
122.339	0.0275
122.305	0.02749
122.269	0.02749
122.234	0.02746
122.198	0.02746
122.166	0.02747
122.132	0.02746
122.098	0.02745
122.062	0.02747
122.027	0.02746
121.996	0.02747
121.963	0.02747
121.934	0.02745
121.903	0.02745
121.873	0.02748
121.841	0.02747
121.811	0.02747
121.777	0.02746
121.746	0.02746
121.71	0.02744
121.675	0.02745
121.641	0.02745
121.601	0.02747
121.566	0.02745
121.532	0.02745
121.502	0.02744
121.47	0.02745
121.438	0.02745
121.404	0.02746
121.372	0.02746
121.34	0.02743
121.31	0.02744
121.277	0.02743
121.244	0.02743
121.214	0.02744
121.181	0.02744
121.151	0.02742
121.121	0.02742
121.092	0.02743
121.06	0.02741
121.031	0.02743
121.001	0.02741
120.972	0.02742
120.94	0.02742
120.909	0.02743
120.881	0.0274
120.848	0.0274
120.816	0.02742
120.784	0.02741
120.753	0.02742
120.719	0.02741
120.687	0.0274
120.654	0.02741
120.624	0.02741
120.593	0.02741
120.562	0.0274
120.534	0.0274
120.502	0.0274
120.473	0.02738
120.44	0.02738
120.409	0.02739
120.376	0.02739
120.346	0.02739
120.314	0.02742
120.284	0.02738
120.251	0.0274
120.218	0.02739
120.181	0.02739
120.144	0.02738
120.11	0.02738
120.072	0.02736
120.038	0.02738
120.002	0.02737
119.969	0.02738
119.936	0.02738
119.905	0.02738
119.871	0.02737
119.839	0.02737
119.806	0.02738
119.771	0.02738
119.737	0.02738
119.7	0.02738
119.666	0.02737
119.63	0.02736
119.599	0.02735
119.565	0.02736
119.533	0.02736
119.5	0.02735
119.468	0.02735
119.434	0.02736
119.402	0.02736
119.369	0.02734
119.338	0.02734
119.308	0.02735
119.277	0.02734
119.247	0.02735
119.214	0.02734
119.183	0.02734
119.151	0.02733
119.121	0.02734
119.09	0.02733
119.06	0.02734
119.028	0.02734
118.999	0.02734
118.967	0.02733
118.932	0.02734
118.9	0.02732
118.867	0.02732
118.836	0.02733
118.804	0.02732
118.776	0.02731
118.748	0.02732
118.721	0.02732
118.692	0.02731
118.665	0.02733
118.635	0.02731
118.603	0.02732
118.572	0.02732
118.538	0.02731
118.508	0.02731
118.476	0.02731
118.447	0.0273
118.416	0.02731
118.387	0.02731
118.357	0.0273
118.329	0.02729
118.297	0.02731
118.266	0.0273
118.234	0.0273
118.2	0.02729
118.166	0.02729
118.13	0.02729
118.094	0.02729
118.056	0.02728
118.023	0.02728
117.989	0.02729
117.958	0.02728
117.926	0.02727
117.894	0.02729
117.861	0.02727
117.827	0.02729
117.798	0.02729
117.766	0.02728
117.737	0.02727
117.706	0.02727
117.676	0.02727
117.644	0.02727
117.614	0.02727
117.583	0.02726
117.555	0.02728
117.525	0.02726
117.492	0.02726
117.463	0.02725
117.43	0.02727
117.399	0.02726
117.365	0.02726
117.332	0.02725
117.297	0.02724
117.265	0.02725
117.233	0.02726
117.203	0.02724
117.168	0.02725
117.137	0.02725
117.101	0.02724
117.067	0.02723
117.036	0.02724
117.003	0.02725
116.972	0.02724
116.939	0.02724
116.909	0.02724
116.877	0.02723
116.845	0.02724
116.813	0.02725
116.783	0.02725
116.75	0.02723
116.715	0.02723
116.681	0.02723
116.645	0.02722
116.614	0.02723
116.582	0.02722
116.552	0.02722
116.522	0.02723
116.493	0.02721
116.462	0.02722
116.434	0.02722
116.405	0.02722
116.377	0.02721
116.346	0.02721
116.315	0.02722
116.285	0.02721
116.253	0.02721
116.224	0.02721
116.192	0.02721
116.161	0.02721
116.127	0.02721
116.094	0.02721
116.059	0.02721
116.027	0.02719
115.995	0.0272
115.962	0.0272
115.93	0.0272
115.898	0.0272
115.868	0.0272
115.837	0.0272
115.807	0.02719
115.775	0.02719
115.745	0.02721
115.712	0.02719
115.682	0.02718
115.649	0.02719
115.615	0.02718
115.577	0.02717
115.542	0.02718
115.51	0.02718
115.474	0.02717
115.442	0.02718
115.408	0.02717
115.377	0.02717
115.345	0.02717
115.315	0.02717
115.28	0.02718
115.243	0.02717
115.205	0.02717
115.168	0.02716
115.135	0.02716
115.1	0.02717
115.068	0.02716
115.031	0.02717
114.998	0.02716
114.965	0.02715
114.933	0.02715
114.898	0.02714
114.867	0.02714
114.835	0.02714
114.805	0.02714
114.777	0.02715
114.749	0.02715
114.723	0.02715
114.693	0.02713
114.663	0.02715
114.632	0.02714
114.605	0.02714
114.578	0.02714
114.552	0.02714
114.524	0.02714
114.497	0.02714
114.466	0.02713
114.436	0.02714
114.406	0.02714
114.372	0.02713
114.338	0.02712
114.301	0.02711
114.267	0.02711
114.233	0.02711
114.2	0.02714
114.164	0.02713
114.13	0.02712
114.096	0.02712
114.062	0.0271
114.031	0.02712
114	0.02711
113.97	0.02711
113.939	0.02711
113.91	0.02711
113.878	0.0271
113.848	0.0271
113.816	0.02711
113.782	0.0271
113.748	0.02711
113.716	0.02711
113.683	0.0271
113.649	0.02709
113.616	0.02709
113.581	0.0271
113.547	0.0271
113.509	0.02709
113.474	0.02708
113.436	0.0271
113.403	0.02709
113.369	0.02709
113.339	0.02709
113.307	0.02708
113.278	0.02708
113.242	0.02709
113.207	0.02708
113.174	0.0271
113.138	0.02708
113.107	0.02708
113.074	0.02708
113.042	0.02707
113.009	0.02707
112.979	0.02707
112.946	0.02706
112.914	0.02708
112.879	0.02707
112.845	0.02706
112.814	0.02707
112.781	0.02708
112.75	0.02706
112.718	0.02707
112.687	0.02705
112.654	0.02706
112.622	0.02704
112.59	0.02707
112.561	0.02706
112.532	0.02707
112.499	0.02706
112.468	0.02706
112.435	0.02704
112.405	0.02704
112.372	0.02705
112.342	0.02704
112.311	0.02705
112.284	0.02705
112.255	0.02704
112.228	0.02703
112.199	0.02703
112.169	0.02703
112.136	0.02704
112.104	0.02704
112.073	0.02702
112.04	0.02703
112.009	0.02703
111.976	0.02704
111.947	0.02703
111.914	0.02703
111.884	0.02703
111.852	0.02702
111.821	0.02702
111.789	0.02702
111.757	0.02702
111.727	0.02701
111.696	0.02702
111.669	0.02702
111.64	0.027
111.612	0.02701
111.582	0.02701
111.555	0.02701
111.526	0.027
111.5	0.02701
111.47	0.02701
111.438	0.02701
111.407	0.027
111.371	0.027
111.335	0.02701
111.295	0.027
111.257	0.02702
111.218	0.02701
111.184	0.027
111.148	0.02699
111.116	0.027
111.08	0.02699
111.046	0.02699
111.009	0.02698
110.976	0.02698
110.944	0.02699
110.912	0.02699
110.883	0.027
110.852	0.02699
110.823	0.02699
110.793	0.027
110.764	0.02699
110.731	0.02697
110.7	0.02699
110.669	0.02698
110.64	0.02697
110.611	0.02698
110.582	0.02698
110.555	0.02697
110.524	0.02698
110.498	0.02697
110.467	0.02697
110.435	0.02696
110.399	0.02697
110.365	0.02697
110.327	0.02696
110.294	0.02697
110.259	0.02696
110.23	0.02697
110.199	0.02694
110.169	0.02697
110.141	0.02696
110.108	0.02695
110.075	0.02696
110.039	0.02696
110.006	0.02695
109.972	0.02695
109.942	0.02696
109.914	0.02695
109.888	0.02695
109.861	0.02696
109.831	0.02695
109.803	0.02695
109.774	0.02694
109.746	0.02694
109.716	0.02693
109.689	0.02695
109.659	0.02696
109.632	0.02694
109.603	0.02693
109.573	0.02692
109.542	0.02694
109.512	0.02692
109.479	0.02692
109.445	0.02694
109.414	0.02694
109.381	0.02693
109.35	0.02692
109.316	0.02693
109.284	0.02691
109.247	0.02693
109.215	0.02691
109.18	0.02692
109.147	0.02691
109.11	0.02692
109.077	0.02692
109.044	0.02691
109.012	0.02691
108.984	0.02691
108.955	0.0269
108.924	0.0269
108.891	0.0269
108.861	0.02692
108.829	0.0269
108.798	0.02691
108.765	0.0269
108.733	0.02691
108.697	0.02688
108.663	0.02689
108.633	0.02689
108.601	0.02691
108.569	0.02689
108.535	0.02689
108.503	0.0269
108.467	0.0269
108.435	0.02688
108.401	0.02689
108.371	0.02689
108.339	0.02688
108.312	0.02688
108.284	0.02688
108.255	0.02688
108.228	0.02688
108.198	0.02688
108.169	0.02688
108.138	0.02688
108.109	0.02687
108.078	0.02686
108.047	0.02688
108.013	0.02687
107.98	0.02687
107.946	0.02686
107.91	0.02688
107.877	0.02687
107.845	0.02687
107.815	0.02686
107.784	0.02687
107.754	0.02687
107.72	0.02686
107.689	0.02687
107.654	0.02686
107.622	0.02687
107.589	0.02685
107.559	0.02686
107.528	0.02687
107.496	0.02686
107.466	0.02687
107.434	0.02685
107.404	0.02684
107.371	0.02685
107.34	0.02684
107.308	0.02684
107.279	0.02685
107.248	0.02684
107.218	0.02684
107.186	0.02684
107.154	0.02683
107.116	0.02679
107.079	0.02683
107.047	0.02687
107.013	0.02682
106.982	0.02682
106.949	0.02683
106.915	0.02682
106.878	0.02683
106.843	0.02683
106.806	0.02682
106.77	0.02683
106.732	0.02681
106.694	0.02682
106.659	0.02681
106.624	0.0268
106.589	0.02681
106.551	0.02682
106.516	0.02681
106.482	0.02682
106.449	0.02681
106.412	0.02681
106.379	0.02681
106.343	0.02681
106.308	0.0268
106.276	0.0268
106.241	0.0268
106.206	0.02681
106.17	0.0268
106.139	0.02681
106.108	0.02679
106.078	0.0268
106.045	0.02681
106.013	0.0268
105.978	0.02681
105.944	0.02679
105.912	0.0268
105.878	0.02678
105.847	0.02679
105.811	0.02679
105.777	0.02678
105.74	0.02678
105.705	0.02679
105.669	0.02678
105.636	0.02677
105.601	0.02678
105.566	0.02678
105.531	0.02679
105.496	0.02678
105.461	0.02677
105.421	0.02677
105.385	0.02675
105.348	0.02676
105.313	0.02677
105.276	0.02676
105.241	0.02677
105.205	0.02677
105.172	0.02676
105.136	0.02676
105.102	0.02676
105.072	0.02675
105.039	0.02675
105.006	0.02676
104.972	0.02675
104.941	0.02676
104.909	0.02676
104.878	0.02675
104.846	0.02675
104.815	0.02677
104.78	0.02676
104.742	0.02676
104.709	0.02675
104.677	0.02675
104.65	0.02676
104.621	0.02674
104.591	0.02674
104.562	0.02675
104.534	0.02674
104.504	0.02675
104.476	0.02673
104.444	0.02675
104.412	0.02673
104.382	0.02674
104.35	0.02673
104.319	0.02673
104.285	0.02674
104.255	0.02674
104.223	0.02673
104.194	0.02672
104.163	0.02673
104.134	0.02674
104.104	0.02674
104.077	0.02672
104.048	0.02672
104.019	0.02672
103.993	0.02673
103.965	0.02673
103.937	0.02672
103.904	0.02672
103.871	0.02673
103.832	0.02671
103.792	0.02671
103.75	0.0267
103.712	0.0267
103.675	0.02672
103.641	0.02672
103.609	0.0267
103.576	0.0267
103.546	0.0267
103.515	0.02671
103.484	0.0267
103.452	0.02669
103.422	0.0267
103.394	0.0267
103.366	0.02669
103.332	0.02669
103.297	0.0267
103.265	0.02669
103.23	0.02669
103.197	0.02668
103.163	0.02669
103.13	0.0267
103.092	0.02669
103.057	0.02667
103.02	0.02668
102.985	0.02668
102.948	0.02669
102.916	0.02669
102.882	0.02667
102.848	0.02668
102.817	0.02667
102.783	0.02668
102.75	0.02666
102.713	0.02667
102.68	0.02667
102.645	0.02668
102.613	0.02668
102.581	0.02666
102.55	0.02667
102.515	0.02666
102.477	0.02666
102.441	0.02666
102.403	0.02664
102.367	0.02666
102.329	0.02666
102.296	0.02666
102.26	0.02667
102.227	0.02665
102.194	0.02666
102.161	0.02665
102.128	0.02665
102.097	0.02665
102.071	0.02664
102.042	0.02664
102.014	0.02665