264.407	0.04207
264.165	0.04201
263.885	0.04194
263.607	0.04189
263.299	0.04183
263.003	0.04178
262.679	0.04174
262.374	0.04169
262.044	0.04164
261.714	0.04161
261.405	0.04155
261.074	0.04146
260.765	0.04145
260.437	0.0414
260.129	0.04133
259.801	0.04128
259.496	0.04122
259.17	0.04117
258.867	0.04113
258.545	0.04106
258.225	0.04103
257.928	0.04096
257.61	0.04092
257.314	0.04092
256.998	0.04083
256.704	0.04081
256.389	0.04072
256.098	0.04067
255.786	0.04067
255.478	0.04064
255.191	0.04054
254.906	0.04049
254.601	0.04047
254.296	0.04044
254.014	0.04039
253.713	0.04033
253.433	0.04029
253.134	0.04025
252.858	0.04018
252.562	0.04015
252.286	0.0401
251.991	0.04008
251.717	0.04002
251.425	0.04
251.135	0.03994
250.865	0.03992
250.578	0.0399
250.31	0.0398
250.025	0.0398
249.76	0.03972
249.476	0.03973
249.213	0.03965
248.932	0.0396
248.67	0.03957
248.391	0.03953
248.131	0.03951
247.855	0.03946
247.58	0.0394
247.325	0.03936
247.052	0.0393
246.798	0.03927
246.525	0.0393
246.271	0.03922
246	0.03919
245.747	0.03913
245.477	0.03911
245.227	0.03905
244.961	0.039
244.713	0.039
244.448	0.03894
244.184	0.03894
243.939	0.0389
243.677	0.03883
243.433	0.0388
243.172	0.03877
242.929	0.03874
242.671	0.03868
242.432	0.03866
242.175	0.03864
241.937	0.0386
241.683	0.03854
241.446	0.03854
241.194	0.03848
240.943	0.03848
240.709	0.03841
240.459	0.03836
240.226	0.03834
239.978	0.03828
239.747	0.03829
239.5	0.03829
239.27	0.03818
239.025	0.03817
238.798	0.03813
238.554	0.0381
238.327	0.03805
238.086	0.03801
237.862	0.03801
237.623	0.03795
237.384	0.03791
237.162	0.03791
236.925	0.03787
236.703	0.03785
236.467	0.0378
236.247	0.03776
236.012	0.03775
235.794	0.0377
235.561	0.03771
235.345	0.03766
235.113	0.03761
234.881	0.03758
234.666	0.03754
234.437	0.03753
234.223	0.03752
233.995	0.03742
233.783	0.03744
233.556	0.03739
233.346	0.03735
233.121	0.03733
232.913	0.03729
232.69	0.03728
232.468	0.03726
232.262	0.03719
232.041	0.03718
231.835	0.03714
231.615	0.03712
231.411	0.03707
231.192	0.03711
230.989	0.03701
230.773	0.03702
230.572	0.03698
230.357	0.03691
230.158	0.03692
229.944	0.03688
229.731	0.03686
229.533	0.03685
229.321	0.0368
229.124	0.03676
228.913	0.03673
228.716	0.0367
228.507	0.03671
228.312	0.0367
228.103	0.03659
227.909	0.0366
227.702	0.03656
227.511	0.03654
227.306	0.03649
227.101	0.03645
226.911	0.0365
226.708	0.03644
226.519	0.03641
226.318	0.03641
226.13	0.03632
225.93	0.03633
225.743	0.0363
225.544	0.03627
225.358	0.03628
225.161	0.0362
224.977	0.03619
224.781	0.03618
224.585	0.03611
224.404	0.03613
224.21	0.0361
224.03	0.03604
223.837	0.03604
223.658	0.036
223.466	0.03598
223.288	0.03598
223.098	0.03591
222.921	0.03589
222.731	0.03588
222.555	0.03583
222.367	0.03582
222.179	0.03581
222.005	0.03578
221.819	0.03575
221.646	0.03569
221.462	0.03571
221.289	0.03568
221.104	0.03564
220.932	0.03564
220.749	0.03563
220.579	0.03558
220.396	0.03555
220.215	0.03551
220.047	0.03551
219.867	0.0355
219.699	0.03546
219.52	0.03544
219.354	0.0354
219.177	0.0354
219.012	0.03535
218.837	0.03534
218.673	0.03533
218.499	0.03529
218.337	0.0353
218.162	0.03523
217.988	0.0352
217.825	0.0352
217.652	0.03518
217.49	0.03518
217.317	0.03516
217.157	0.03512
216.985	0.03511
216.826	0.03504
216.656	0.03505
216.499	0.03502
216.33	0.03498
216.173	0.03496
216.006	0.03494
215.839	0.03491
215.683	0.03495
215.517	0.03491
215.363	0.03487
215.198	0.03487
215.045	0.0348
214.882	0.03478
214.729	0.03477
214.568	0.03476
214.417	0.03476
214.255	0.03471
214.093	0.03469
213.943	0.03466
213.782	0.03465
213.633	0.03467
213.475	0.03462
213.326	0.03459
213.167	0.03458
213.019	0.03455
212.861	0.03451
212.714	0.0345
212.558	0.03446
212.413	0.03449
212.257	0.03442
212.102	0.0344
211.959	0.0344
211.805	0.03438
211.662	0.03437
211.509	0.03433
211.366	0.03429
211.214	0.03432
211.073	0.03425
210.922	0.03427
210.782	0.03425
210.632	0.03422
210.493	0.03422
210.343	0.03418
210.195	0.03417
210.056	0.03413
209.908	0.03413
209.77	0.03409
209.622	0.03409
209.485	0.03407
209.339	0.03404
209.203	0.03404
209.058	0.03401
208.922	0.03398
208.778	0.03394
208.635	0.03395
208.502	0.03395
208.359	0.0339
208.226	0.0339
208.084	0.03388
207.952	0.03386
207.811	0.03386
207.68	0.03382
207.539	0.03379
207.399	0.03378
207.269	0.03377
207.14	0.03377
207.001	0.03373
206.863	0.03374
206.734	0.0337
206.598	0.03369
206.469	0.03365
206.333	0.03365
206.205	0.03366
206.068	0.03361
205.942	0.03362
205.805	0.03359
205.679	0.03355
205.545	0.03354
205.411	0.03352
205.286	0.03351
205.153	0.03351
205.029	0.03349
204.897	0.03351
204.774	0.03345
204.644	0.0334
204.523	0.03342
204.393	0.03339
204.272	0.0334
204.143	0.03336
204.015	0.03334
203.895	0.03337
203.767	0.03332
203.649	0.03329
203.522	0.03329
203.404	0.03326
203.278	0.03325
203.16	0.03325
203.034	0.03322
202.917	0.03322
202.792	0.03319
202.667	0.03316
202.551	0.03319
202.427	0.03313
202.311	0.03313
202.187	0.03312
202.072	0.03313
201.949	0.03309
201.836	0.03305
201.714	0.03305
201.6	0.03303
201.479	0.03302
201.367	0.033
201.246	0.03299
201.126	0.033
201.014	0.03297
200.895	0.03295
200.785	0.03294
200.667	0.03291
200.556	0.0329
200.438	0.03289
200.329	0.03288
200.212	0.03286
200.102	0.03283
199.986	0.03284
199.87	0.03284
199.763	0.03281
199.648	0.03279
199.541	0.03278
199.426	0.03278
199.32	0.03277
199.206	0.03276
199.101	0.03274
198.987	0.03269
198.882	0.03271
198.77	0.03271
198.665	0.03267
198.554	0.03264
198.442	0.03266
198.339	0.03264
198.228	0.03262
198.124	0.03263
198.014	0.03261
197.912	0.03259
197.803	0.03255
197.701	0.03256
197.592	0.03254
197.49	0.03252
197.382	0.03253
197.281	0.0325
197.173	0.0325
197.065	0.03247
196.965	0.03248
196.858	0.03247
196.758	0.03246
196.652	0.03242
196.553	0.03241
196.448	0.03241
196.349	0.03238
196.244	0.03239
196.146	0.03236
196.041	0.03238
195.945	0.03233
195.841	0.03233
195.737	0.03234
195.641	0.03231
195.539	0.03231
195.444	0.0323
195.342	0.03228
195.247	0.03226
195.145	0.03224
195.051	0.03224
194.95	0.03224
194.856	0.03226
194.756	0.03223
194.655	0.03219
194.562	0.03218
194.462	0.03217
194.37	0.03217
194.271	0.03216
194.179	0.03214
194.081	0.03215
193.989	0.03211
193.891	0.03211
193.8	0.03211
193.702	0.03206
193.611	0.0321
193.514	0.03208
193.417	0.03206
193.328	0.03206
193.23	0.03202
193.14	0.03203
193.044	0.03199
192.955	0.03201
192.86	0.03199
192.771	0.03198
192.677	0.03196
192.588	0.03197
192.494	0.03194
192.399	0.03193
192.311	0.03191
192.218	0.03192
192.131	0.0319
192.038	0.03191
191.952	0.03187
191.859	0.03188
191.773	0.03188
191.68	0.03184
191.594	0.03183
191.502	0.03181
191.411	0.0318
191.327	0.03181
191.236	0.03182
191.152	0.03181
191.062	0.03178
190.979	0.03174
190.889	0.03174
190.805	0.03174
190.716	0.03174
190.633	0.03172
190.544	0.03172
190.461	0.03172
190.372	0.0317
190.284	0.03167
190.202	0.03165
190.115	0.03166
190.034	0.03166
189.946	0.03164
189.866	0.03164
189.779	0.03164
189.699	0.03161
189.613	0.03162
189.535	0.03159
189.449	0.03159
189.369	0.03159
189.284	0.03158
189.199	0.03155
189.121	0.03154
189.036	0.03155
188.958	0.03151
188.873	0.03154
188.794	0.03151
188.71	0.03149
188.631	0.0315
188.548	0.03148
188.47	0.03146
188.387	0.03146
188.304	0.03146
188.227	0.03146
188.145	0.03142
188.07	0.03142
187.988	0.03144
187.912	0.03139
187.832	0.03139
187.756	0.03141
187.675	0.03136
187.6	0.03137
187.52	0.03137
187.439	0.03135
187.363	0.03136
187.284	0.03134
187.209	0.03133
187.129	0.03133
187.055	0.0313
186.976	0.0313
186.903	0.03129
186.823	0.03128
186.75	0.03127
186.673	0.03126
186.6	0.03127
186.522	0.03129
186.444	0.03123
186.372	0.03125
186.295	0.0312
186.223	0.03122
186.146	0.03124
186.075	0.03119
185.998	0.03121
185.927	0.03118
185.85	0.03117
185.78	0.03117
185.704	0.03112
185.634	0.03113
185.56	0.03114
185.484	0.03113
185.414	0.03112
185.34	0.03112
185.27	0.03114
185.196	0.03111
185.126	0.03107
185.052	0.03108
184.983	0.03106
184.91	0.03108
184.841	0.03106
184.768	0.03106
184.694	0.03104
184.626	0.03105
184.553	0.03104
184.485	0.03103
184.413	0.03103
184.345	0.03101
184.274	0.03098
184.207	0.031
184.135	0.03096
184.068	0.03095
183.997	0.03096
183.925	0.03094
183.859	0.03096
183.787	0.03095
183.721	0.03091
183.651	0.03089
183.586	0.03091
183.516	0.0309
183.451	0.0309
183.38	0.0309
183.315	0.0309
183.246	0.03089
183.177	0.03085
183.113	0.03086
183.044	0.03085
182.98	0.03085
182.912	0.03084
182.849	0.03082
182.781	0.03081
182.717	0.03081
182.649	0.03078
182.585	0.0308
182.518	0.03078
182.45	0.03078
182.387	0.03078
182.32	0.03077
182.256	0.03077
182.189	0.03076
182.127	0.03075
182.059	0.03074
181.996	0.0307
181.93	0.03071
181.868	0.03071
181.801	0.0307
181.739	0.03071
181.673	0.0307
181.608	0.03068
181.546	0.03068
181.48	0.03069
181.419	0.03067
181.353	0.03064
181.293	0.03065
181.228	0.03065
181.167	0.03065
181.103	0.03062
181.043	0.03063
180.979	0.03062
180.918	0.0306
180.854	0.03061
180.789	0.0306
180.729	0.03059
180.665	0.03059
180.605	0.03057
180.542	0.03057
180.483	0.03055
180.42	0.03055
180.361	0.03058
180.299	0.03054
180.239	0.03052
180.177	0.03053
180.119	0.03053
180.057	0.03051
179.994	0.03051
179.936	0.0305
179.873	0.03049
179.816	0.03051
179.755	0.0305
179.698	0.03048
179.637	0.03046
179.58	0.03045
179.519	0.03044
179.462	0.03046
179.402	0.03044
179.341	0.03044
179.285	0.03043
179.225	0.03043
179.169	0.03041
179.109	0.03042
179.054	0.03041
178.994	0.03041
178.939	0.0304
178.88	0.03037
178.824	0.03037
178.764	0.03036
178.705	0.03038
178.649	0.03037
178.591	0.03038
178.536	0.03034
178.477	0.03034
178.422	0.03033
178.363	0.03034
178.31	0.03033
178.252	0.03034
178.197	0.03033
178.139	0.0303
178.081	0.0303
178.026	0.03029
177.968	0.03029
177.913	0.03027
177.854	0.03028
177.8	0.03027
177.741	0.03026
177.686	0.03027
177.628	0.03026
177.574	0.03027
177.516	0.03022
177.458	0.03024
177.405	0.03022
177.348	0.03023
177.295	0.03022
177.238	0.03019
177.186	0.03021
177.131	0.03021
177.078	0.03018
177.023	0.03018
176.971	0.03018
176.917	0.03015
176.864	0.03018
176.809	0.03013
176.753	0.03018
176.701	0.03017
176.645	0.03013
176.594	0.03014
176.538	0.03012
176.487	0.03012
176.432	0.03011
176.381	0.03009
176.326	0.03011
176.274	0.03009
176.22	0.03005
176.17	0.03007
176.116	0.03008
176.061	0.03007
176.011	0.03004
175.957	0.03006
175.906	0.03004
175.852	0.03004
175.802	0.03004
175.748	0.03005
175.698	0.03004
175.645	0.03002
175.595	0.03003
175.542	0.03003
175.489	0.03003
175.44	0.03004
175.387	0.03002
175.337	0.02999
175.284	0.03001
175.236	0.02999
175.183	0.02999
175.135	0.02996
175.083	0.02996
175.034	0.03
174.982	0.02996
174.93	0.02997
174.882	0.02993
174.831	0.02996
174.783	0.02991
174.732	0.02994
174.684	0.02994
174.633	0.02994
174.585	0.02994
174.535	0.02991
174.487	0.02987
174.437	0.0299
174.39	0.0299
174.34	0.02992
174.289	0.02991
174.242	0.02988
174.191	0.02989
174.143	0.02984
174.093	0.02986
174.045	0.02988
173.994	0.02985
173.947	0.02985
173.896	0.02984
173.849	0.02985
173.799	0.02983
173.752	0.02982
173.702	0.02984
173.653	0.02982
173.606	0.02982
173.557	0.02983
173.511	0.02979
173.462	0.0298
173.415	0.02978
173.366	0.02979
173.32	0.0298
173.271	0.02976
173.225	0.02979
173.176	0.02976
173.13	0.02978
173.081	0.02978
173.033	0.02976
172.988	0.02975
172.939	0.02975
172.894	0.02972
172.845	0.02974
172.8	0.02972
172.752	0.02973
172.707	0.02972
172.658	0.02971
172.612	0.0297
172.563	0.02969
172.518	0.0297
172.469	0.02969
172.421	0.02969
172.376	0.0297
172.328	0.02966
172.283	0.02967
172.235	0.02969
172.19	0.02967
172.142	0.02965
172.098	0.02967
172.05	0.02966
172.007	0.02963
171.959	0.02962
171.91	0.02962
171.865	0.02962
171.818	0.02961
171.773	0.02961
171.725	0.02963
171.681	0.02961
171.634	0.02964
171.589	0.02957
171.543	0.02961
171.499	0.02959
171.452	0.02959
171.404	0.02958
171.36	0.02957
171.313	0.02958
171.27	0.02959
171.223	0.02956
171.18	0.02954
171.133	0.02956
171.086	0.02953
171.042	0.02951
170.999	0.02956
170.953	0.02952
170.91	0.02952
170.864	0.02955
170.821	0.02952
170.775	0.02953
170.728	0.02948
170.686	0.02949
170.641	0.0295
170.598	0.02949
170.551	0.02951
170.508	0.02947
170.463	0.02948
170.419	0.02947
170.372	0.02948
170.329	0.02948
170.283	0.02946
170.237	0.02945
170.195	0.02945
170.149	0.02945
170.106	0.02945
170.061	0.02942
170.019	0.02945
169.974	0.02945
169.932	0.02943
169.888	0.02944
169.846	0.02942
169.801	0.0294
169.759	0.02943
169.714	0.02938
169.67	0.02939
169.628	0.0294
169.584	0.0294
169.542	0.02937
169.498	0.02937
169.457	0.02939
169.413	0.02937
169.371	0.02939
169.327	0.02939
169.286	0.02936
169.242	0.02936
169.201	0.02937
169.157	0.02937
169.113	0.02936
169.073	0.02934
169.029	0.02935
168.989	0.02932
168.946	0.02933
168.906	0.02933
168.862	0.0293
168.822	0.02932
168.779	0.02933
168.739	0.02932
168.696	0.0293
168.655	0.0293
168.612	0.0293
168.569	0.0293
168.528	0.02927
168.484	0.02929
168.443	0.02927
168.4	0.02928
168.36	0.02925
168.317	0.02926
168.277	0.02926
168.233	0.02926
168.193	0.02927
168.149	0.02923
168.106	0.02923
168.067	0.02923
168.024	0.02923
167.984	0.02924
167.941	0.02924
167.902	0.02924
167.859	0.02923
167.82	0.02924
167.778	0.02921
167.738	0.0292
167.696	0.02919
167.657	0.02922
167.616	0.0292
167.573	0.02919
167.534	0.02919
167.492	0.02918
167.453	0.02919
167.412	0.02918
167.373	0.02914
167.332	0.02918
167.293	0.02914
167.251	0.02915
167.21	0.02915
167.172	0.02913
167.132	0.02917
167.094	0.02914
167.053	0.02914
167.015	0.02913
166.974	0.02913
166.935	0.02911
166.894	0.02914
166.855	0.02912
166.813	0.02911
166.773	0.02912
166.731	0.02909
166.692	0.0291
166.651	0.02909
166.61	0.02908
166.572	0.02907
166.531	0.02907
166.493	0.02908
166.452	0.02908
166.414	0.02907
166.373	0.02908
166.335	0.02906
166.294	0.02907
166.256	0.02905
166.216	0.02905
166.177	0.02908
166.136	0.02905
166.096	0.02902
166.057	0.02906
166.017	0.02903
165.979	0.02903
165.938	0.02904
165.899	0.02901
165.858	0.02902
165.82	0.02904
165.78	0.029
165.742	0.02899
165.702	0.02902
165.664	0.02901
165.625	0.02899
165.585	0.02901
165.547	0.02899
165.507	0.02897
165.47	0.02897
165.43	0.029
165.393	0.02897
165.353	0.02899
165.316	0.02897
165.276	0.02897
165.24	0.02896
165.2	0.02895
165.16	0.02893
165.123	0.02894
165.085	0.02893
165.048	0.02892
165.009	0.02896
164.972	0.02894
164.934	0.02893
164.898	0.02891
164.859	0.02891
164.823	0.02895
164.784	0.0289
164.749	0.0289
164.71	0.02891
164.671	0.02891
164.635	0.02891
164.597	0.02888
164.56	0.02889
164.522	0.0289
164.485	0.02887
164.445	0.02891
164.407	0.02888
164.368	0.02886
164.33	0.02887
164.292	0.02885
164.255	0.02887
164.216	0.02884
164.178	0.02887
164.142	0.02887
164.103	0.02883
164.066	0.02881
164.028	0.02885
163.992	0.02881
163.953	0.02884
163.918	0.02883
163.88	0.02882
163.844	0.02879
163.805	0.02882
163.767	0.02884
163.731	0.02881
163.692	0.0288
163.656	0.02879
163.618	0.02878
163.582	0.0288
163.543	0.02879
163.508	0.0288
163.469	0.0288
163.434	0.02876
163.396	0.02877
163.361	0.02875
163.323	0.02876
163.285	0.02876
163.25	0.02877
163.213	0.02877
163.177	0.02874
163.139	0.02876
163.104	0.02875
163.066	0.02871
163.028	0.02873
162.992	0.02874
162.957	0.02873
162.919	0.02873
162.883	0.02872
162.846	0.02871
162.808	0.02871
162.772	0.02871
162.734	0.02872
162.699	0.02871
162.661	0.0287
162.626	0.02871
162.588	0.0287
162.553	0.02871
162.515	0.02868
162.48	0.02868
162.442	0.0287
162.404	0.02869
162.368	0.0287
162.33	0.02868
162.294	0.02866
162.257	0.02867
162.222	0.02866
162.185	0.02867
162.151	0.02867
162.113	0.02866
162.078	0.02866
162.041	0.02864
162.004	0.02864
161.969	0.02866
161.931	0.02864
161.897	0.02866
161.859	0.02863
161.825	0.02866
161.788	0.02863
161.754	0.02861
161.716	0.02862
161.679	0.02861
161.645	0.02861
161.607	0.02861
161.572	0.0286
161.535	0.0286
161.5	0.02858
161.463	0.02858
161.428	0.02858
161.391	0.02861
161.357	0.02857
161.32	0.02858
161.286	0.02858
161.248	0.02855
161.214	0.02859
161.177	0.02858
161.141	0.02855
161.107	0.02856
161.07	0.02856
161.036	0.02855
161	0.02856
160.966	0.02852
160.93	0.02854
160.896	0.02855
160.859	0.02854
160.825	0.02854
160.788	0.02852
160.751	0.02849
160.717	0.02853
160.681	0.02852
160.647	0.0285
160.611	0.02849
160.578	0.0285
160.542	0.02849
160.508	0.0285
160.472	0.02852
160.439	0.02851
160.403	0.02848
160.369	0.02848
160.333	0.02848
160.297	0.02847
160.263	0.02847
160.228	0.02845
160.195	0.02847
160.159	0.02847
160.125	0.02846
160.089	0.02846
160.055	0.02842
160.018	0.02849
159.984	0.02845
159.946	0.02846
159.912	0.02842
159.875	0.02843
159.839	0.02846
159.804	0.02842
159.768	0.02844
159.734	0.02843
159.698	0.02843
159.663	0.02845
159.627	0.02843
159.594	0.02841
159.558	0.0284
159.524	0.0284
159.489	0.02841
159.453	0.02842
159.419	0.02841
159.382	0.02841
159.348	0.02841
159.312	0.02838
159.278	0.0284
159.242	0.02837
159.208	0.02838
159.172	0.02836
159.138	0.02842
159.103	0.02835
159.069	0.02836
159.034	0.02836
158.999	0.02835
158.966	0.02838
158.93	0.02835
158.897	0.02834
158.862	0.02835
158.829	0.02835
158.794	0.02831
158.762	0.02833
158.727	0.02835
158.695	0.02834
158.661	0.02834
158.627	0.0283
158.595	0.02835
158.56	0.02831
158.528	0.0283
158.494	0.0283
158.462	0.02831
158.428	0.02831
158.396	0.02832
158.362	0.0283
158.33	0.0283
158.296	0.0283
158.262	0.02829
158.23	0.02829
158.195	0.02829
158.163	0.02828
158.127	0.02828
158.093	0.02827
158.058	0.02827
158.024	0.02824
157.989	0.02829
157.956	0.02827
157.92	0.02826
157.885	0.02828
157.852	0.02826
157.818	0.02825
157.785	0.02824
157.75	0.02827
157.717	0.02824
157.682	0.02826
157.65	0.02824
157.615	0.02824
157.583	0.02825
157.548	0.02823
157.516	0.02824
157.48	0.02824
157.445	0.02822
157.412	0.02821
157.377	0.02819
157.346	0.02823
157.311	0.02824
157.279	0.02821
157.245	0.02821
157.212	0.02819
157.178	0.02819
157.145	0.02818
157.11	0.02817
157.077	0.02822
157.042	0.02815
157.008	0.02818
156.976	0.02818
156.941	0.02818
156.909	0.02817
156.875	0.02819
156.842	0.02819
156.807	0.02818
156.775	0.02815
156.74	0.02814
156.708	0.02818
156.673	0.02816
156.637	0.02818
156.605	0.02815
156.57	0.02816
156.538	0.02814
156.504	0.02814
156.471	0.02815
156.436	0.02812
156.404	0.02816
156.369	0.02814
156.338	0.02814
156.303	0.02811
156.271	0.02812
156.236	0.02812
156.202	0.02813
156.17	0.02813
156.136	0.0281
156.103	0.0281
156.067	0.02812
156.034	0.02814
155.999	0.02812
155.966	0.02809
155.931	0.0281
155.899	0.02806
155.865	0.02811
155.831	0.02806
155.798	0.02808
155.765	0.0281
155.733	0.02804
155.699	0.02809
155.666	0.02807
155.632	0.0281
155.6	0.02809
155.566	0.02805
155.533	0.02809
155.499	0.02808
155.465	0.02805
155.433	0.02809
155.398	0.02803
155.366	0.02805
155.332	0.02804
155.299	0.02802
155.265	0.02804
155.232	0.02804
155.198	0.02806
155.167	0.02806
155.133	0.02803
155.102	0.02803
155.068	0.02802
155.034	0.02802
155.003	0.02801
154.97	0.02801
154.939	0.028
154.906	0.02802
154.875	0.02802
154.841	0.02802
154.81	0.02803
154.776	0.028
154.744	0.028
154.709	0.028
154.677	0.02795
154.642	0.028
154.607	0.028
154.575	0.02799
154.541	0.02798
154.509	0.02797
154.474	0.02799
154.442	0.02798
154.407	0.02797
154.375	0.02796
154.341	0.02794
154.308	0.02797
154.275	0.02796
154.24	0.02797
154.209	0.02796
154.175	0.02794
154.143	0.02795
154.109	0.02796
154.077	0.02794
154.043	0.02794
154.012	0.02794
153.978	0.02796
153.946	0.02795
153.913	0.0279
153.881	0.02792
153.848	0.02793
153.814	0.02793
153.782	0.02794
153.748	0.02791
153.716	0.0279
153.682	0.02791
153.65	0.02788
153.615	0.02793
153.582	0.0279
153.547	0.0279
153.513	0.02791
153.478	0.02791
153.443	0.02791
153.41	0.02789
153.374	0.02789
153.342	0.02787
153.307	0.02788
153.275	0.02788
153.24	0.02786
153.208	0.02786
153.175	0.02789
153.142	0.02786
153.108	0.02787
153.076	0.02786
153.042	0.02786
153.008	0.02788
152.976	0.02786
152.942	0.02786
152.91	0.02787
152.876	0.02784
152.844	0.02787
152.81	0.02785
152.779	0.02782
152.745	0.02782
152.713	0.02783
152.679	0.02783
152.645	0.02783
152.612	0.02781
152.578	0.02787
152.547	0.02784
152.514	0.02782
152.482	0.02782
152.45	0.02783
152.419	0.02781
152.387	0.02782
152.356	0.0278
152.323	0.02782
152.292	0.02781
152.26	0.0278
152.226	0.02781
152.195	0.02777
152.163	0.02783
152.132	0.02779
152.099	0.02778
152.068	0.0278
152.035	0.02778
152.004	0.02778
151.97	0.02776
151.938	0.02776
151.904	0.02777
151.869	0.02778
151.837	0.02779
151.802	0.02778
151.77	0.02775
151.735	0.02776
151.703	0.02776
151.668	0.02774
151.636	0.02777
151.601	0.02773
151.569	0.02776
151.535	0.02773
151.503	0.02777
151.469	0.02773
151.435	0.02775
151.403	0.02772
151.369	0.02775
151.337	0.02774
151.302	0.02772
151.269	0.02773
151.235	0.02772
151.203	0.02773
151.17	0.02771
151.139	0.02771
151.105	0.02771
151.074	0.0277
151.042	0.02772
151.008	0.02771
150.978	0.0277
150.945	0.02771
150.913	0.0277
150.88	0.02771
150.849	0.0277
150.816	0.0277
150.785	0.0277
150.751	0.02769
150.719	0.02768
150.686	0.02768
150.655	0.02768
150.622	0.02769
150.589	0.02768
150.558	0.02766
150.525	0.02769
150.494	0.02768
150.461	0.02767
150.43	0.02767
150.398	0.02769
150.367	0.02769
150.335	0.02767
150.305	0.02764
150.272	0.02766
150.24	0.02764
150.21	0.02768
150.177	0.02764
150.147	0.02765
150.115	0.02765
150.084	0.02764
150.051	0.02765
150.02	0.02762
149.987	0.02762
149.956	0.02762
149.923	0.02761
149.892	0.02765
149.858	0.0276
149.826	0.0276
149.795	0.02759
149.763	0.02759
149.732	0.02762
149.7	0.02759
149.669	0.02759
149.636	0.02762
149.604	0.02759
149.57	0.02759
149.537	0.02759
149.503	0.02757
149.469	0.02759
149.438	0.02759
149.404	0.02758
149.374	0.02759
149.34	0.02757
149.309	0.02756
149.276	0.02755
149.244	0.02754
149.21	0.02757
149.179	0.02756
149.145	0.02756
149.112	0.02757
149.081	0.02755
149.048	0.02756
149.018	0.02755
148.985	0.02756
148.954	0.02756
148.922	0.02756
148.892	0.02756
148.859	0.02753
148.828	0.02751
148.794	0.02755
148.76	0.02752
148.729	0.02753
148.696	0.02753
148.664	0.02753
148.631	0.02754
148.599	0.02752
148.565	0.02751
148.534	0.02752
148.501	0.0275
148.47	0.02755
148.437	0.0275
148.405	0.02753
148.372	0.02751
148.339	0.0275
148.308	0.0275
148.275	0.0275
148.244	0.02749
148.211	0.02752
148.181	0.02752
148.149	0.02749
148.119	0.02746
148.085	0.02748
148.055	0.02747
148.022	0.02748
147.991	0.0275
147.957	0.02746
147.923	0.02746
147.891	0.02746
147.857	0.02746
147.826	0.02742
147.791	0.02743
147.76	0.02746
147.725	0.02746
147.694	0.02747
147.66	0.02744
147.63	0.02746
147.597	0.02743
147.567	0.02745
147.534	0.02743
147.502	0.02745
147.472	0.02744
147.441	0.02745
147.412	0.02743
147.38	0.02742
147.349	0.02741
147.317	0.02742
147.287	0.02741
147.254	0.02744
147.224	0.02743
147.192	0.02741
147.16	0.02745
147.131	0.0274
147.099	0.02741
147.07	0.0274
147.039	0.0274
147.01	0.02741
146.978	0.02738
146.95	0.02739
146.918	0.02739
146.888	0.02738
146.855	0.02739
146.825	0.02736
146.792	0.02739
146.761	0.02737
146.731	0.02739
146.7	0.02738
146.671	0.02736
146.64	0.02736
146.61	0.02736
146.579	0.02735
146.55	0.02738
146.519	0.02736
146.489	0.02738
146.457	0.02735
146.425	0.02733
146.396	0.02733
146.364	0.02733
146.335	0.02734
146.303	0.02735
146.274	0.02734
146.242	0.02736
146.213	0.02735
146.181	0.02735
146.151	0.02735
146.119	0.02734
146.088	0.02732
146.055	0.02733
146.023	0.02731
145.992	0.02735
145.96	0.02731
145.929	0.02732
145.897	0.02734
145.866	0.02731
145.834	0.02733
145.804	0.02732
145.772	0.02731
145.742	0.02733
145.71	0.02733
145.677	0.02728
145.648	0.02732
145.615	0.02729
145.585	0.02733
145.552	0.02731
145.521	0.02729
145.489	0.02726
145.458	0.02726
145.426	0.02729
145.395	0.02726
145.363	0.02727
145.331	0.02728
145.301	0.02727
145.268	0.02726
145.238	0.02724
145.206	0.02727
145.176	0.02729
145.143	0.02727
145.112	0.02727
145.078	0.02724
145.046	0.02724
145.012	0.02727
144.981	0.02724
144.948	0.02725
144.915	0.02723
144.884	0.02724
144.851	0.02723
144.821	0.02723
144.788	0.02724
144.758	0.02721
144.725	0.0272
144.695	0.02723
144.663	0.0272
144.632	0.02724
144.6	0.02723
144.568	0.02724
144.538	0.02721
144.505	0.02722
144.474	0.02719
144.441	0.02722
144.41	0.02722
144.376	0.02719
144.345	0.02718
144.313	0.0272
144.283	0.02721
144.25	0.0272
144.22	0.0272
144.187	0.02719
144.155	0.02718
144.125	0.02718
144.092	0.02719
144.062	0.02718
144.029	0.02718
143.998	0.02718
143.965	0.02718
143.934	0.02719
143.9	0.02717
143.867	0.02717
143.833	0.02716
143.798	0.02715
143.765	0.02718
143.731	0.02716
143.699	0.02719
143.666	0.02713
143.635	0.02714
143.602	0.02715
143.571	0.02715
143.539	0.02716
143.509	0.02715
143.476	0.02715
143.443	0.02713
143.412	0.02714
143.378	0.02713
143.346	0.02713
143.312	0.02713
143.28	0.02712
143.245	0.02714
143.213	0.02713
143.179	0.02713
143.146	0.02714
143.111	0.02711
143.078	0.02711
143.044	0.02713
143.011	0.02712
142.98	0.02709
142.946	0.02709
142.915	0.02711
142.882	0.02706
142.851	0.0271
142.818	0.02711
142.788	0.02711
142.755	0.0271
142.725	0.02707
142.692	0.02709
142.66	0.02709
142.631	0.02707
142.6	0.02706
142.57	0.02707
142.539	0.02709
142.509	0.02708
142.477	0.02706
142.447	0.02707
142.415	0.02707
142.384	0.02707
142.354	0.02706
142.324	0.02706
142.292	0.02706
142.26	0.02706
142.231	0.02706
142.198	0.02708
142.167	0.02704
142.134	0.02703
142.103	0.02704
142.069	0.02704
142.038	0.02706
142.005	0.02703
141.975	0.02703
141.942	0.02705
141.909	0.02703
141.879	0.02702
141.848	0.02703
141.818	0.02703
141.786	0.02703
141.756	0.02703
141.723	0.02701
141.692	0.02701
141.659	0.02701
141.629	0.02702
141.596	0.02701
141.566	0.02701
141.534	0.027
141.502	0.02702
141.472	0.02701
141.44	0.02699
141.41	0.027
141.378	0.02699
141.348	0.027
141.316	0.02699
141.286	0.02699
141.253	0.02699
141.223	0.02698
141.191	0.02699
141.162	0.02699
141.13	0.02696
141.097	0.02698
141.067	0.02699
141.035	0.02697
141.005	0.02698
140.973	0.02696
140.944	0.02696
140.913	0.02698
140.884	0.02698
140.853	0.02697
140.824	0.02695
140.793	0.02695
140.761	0.02695
140.732	0.02696
140.701	0.02695
140.672	0.02696
140.641	0.02693
140.61	0.02693
140.578	0.02695
140.547	0.02693
140.514	0.02694
140.483	0.02693
140.449	0.02693
140.417	0.02694
140.383	0.02694
140.349	0.02693
140.318	0.02692
140.285	0.02692
140.253	0.02691
140.22	0.02691
140.19	0.02692
140.156	0.02693
140.125	0.02692
140.091	0.02692
140.059	0.0269
140.026	0.0269
139.994	0.02691
139.961	0.0269
139.927	0.0269
139.896	0.02688
139.863	0.02692
139.833	0.0269
139.799	0.0269
139.767	0.02688
139.734	0.02689
139.701	0.02688
139.667	0.02688
139.635	0.02688
139.601	0.02687
139.567	0.02689
139.535	0.02689
139.502	0.02686
139.471	0.02688
139.438	0.02688
139.408	0.02686
139.375	0.02688
139.345	0.02686
139.313	0.02686
139.283	0.02686
139.251	0.02685
139.22	0.02687
139.191	0.02686
139.159	0.02686
139.129	0.02684
139.097	0.02685
139.067	0.02685
139.036	0.02683
139.006	0.02685
138.975	0.02686
138.947	0.02683
138.916	0.02684
138.886	0.02683
138.855	0.02683
138.824	0.02683
138.795	0.02681
138.764	0.02683
138.735	0.02683
138.704	0.02681
138.674	0.02682
138.642	0.02681
138.612	0.02681
138.58	0.02682
138.55	0.02681
138.518	0.02681
138.488	0.0268
138.456	0.02681
138.424	0.02682
138.393	0.02679
138.36	0.02678
138.328	0.02681
138.295	0.02678
138.265	0.02679
138.232	0.02678
138.201	0.02678
138.169	0.02678
138.138	0.02679
138.105	0.0268
138.075	0.02679
138.042	0.02676
138.01	0.02677
137.981	0.02678
137.948	0.02677
137.918	0.02678
137.887	0.02676
137.857	0.02677
137.824	0.02676
137.795	0.02676
137.762	0.02678
137.732	0.02676
137.699	0.02677
137.669	0.02675
137.636	0.02675
137.603	0.02675
137.572	0.02675
137.54	0.02675
137.51	0.02674
137.478	0.02675
137.449	0.02674
137.418	0.02673
137.388	0.02674
137.358	0.02675
137.329	0.02673
137.298	0.02674
137.267	0.02674
137.238	0.02672
137.208	0.02674
137.179	0.02672
137.149	0.02672
137.12	0.02671
137.089	0.02671
137.06	0.02673
137.028	0.02671
136.998	0.02672
136.966	0.02672
136.936	0.02669
136.905	0.0267
136.873	0.02671
136.843	0.0267
136.81	0.02671
136.78	0.0267
136.749	0.02671
136.719	0.02672
136.687	0.02669
136.656	0.0267
136.627	0.02669
136.598	0.02668
136.566	0.0267
136.534	0.02667
136.503	0.02668
136.47	0.02668
136.439	0.02667
136.406	0.02668
136.375	0.02668
136.342	0.02667
136.311	0.02668
136.278	0.02668
136.247	0.02667
136.215	0.02668
136.185	0.02665
136.152	0.02666
136.12	0.02666
136.09	0.02664
136.057	0.02666
136.028	0.02665
135.995	0.02664
135.965	0.02665
135.932	0.02663
135.902	0.02665
135.869	0.02665
135.839	0.02663
135.805	0.02665
135.774	0.02662
135.742	0.02665
135.708	0.02665
135.678	0.02664
135.645	0.02663
135.615	0.02663
135.584	0.02662
135.554	0.02663
135.521	0.02662
135.488	0.02663
135.457	0.02662
135.425	0.02662
135.392	0.02663
135.36	0.02662
135.327	0.02661
135.294	0.02661
135.264	0.02661
135.232	0.02661
135.202	0.0266
135.17	0.0266
135.14	0.0266
135.108	0.02658
135.079	0.02659
135.048	0.02659
135.018	0.02659
134.986	0.02658
134.954	0.02659
134.924	0.0266
134.892	0.02658
134.862	0.02658
134.83	0.02658
134.8	0.02658
134.768	0.02657
134.738	0.02657
134.706	0.02656
134.676	0.02658
134.644	0.02657
134.614	0.02658
134.581	0.02656
134.549	0.02656
134.519	0.02658
134.486	0.02654
134.456	0.02654
134.424	0.02656
134.393	0.02656
134.358	0.02657
134.327	0.02655
134.294	0.02654
134.263	0.02655
134.23	0.02655
134.199	0.02655
134.166	0.02655
134.133	0.02654
134.102	0.02655
134.069	0.02653
134.039	0.02653
134.007	0.02654
133.978	0.02653
133.948	0.02654
133.919	0.02653
133.888	0.02653
133.859	0.02652
133.829	0.02653
133.798	0.02652
133.769	0.02653
133.739	0.02652
133.71	0.02651
133.679	0.02652
133.649	0.02651
133.617	0.02651
133.588	0.02652
133.556	0.02651
133.526	0.02651
133.494	0.0265
133.464	0.02648
133.432	0.0265
133.4	0.02649
133.37	0.02649
133.339	0.0265
133.31	0.02648
133.278	0.02649
133.248	0.02648
133.216	0.02649
133.186	0.02649
133.154	0.02649
133.124	0.02648
133.091	0.02649
133.06	0.02647
133.026	0.02649
132.993	0.02646
132.962	0.02647
132.929	0.02647
132.899	0.02646
132.868	0.02647
132.839	0.02647
132.809	0.02645
132.78	0.02646
132.749	0.02645
132.72	0.02646
132.687	0.02646
132.655	0.02644
132.626	0.02646
132.594	0.02643
132.563	0.02645
132.53	0.02645
132.499	0.02643
132.467	0.02644
132.436	0.02642
132.404	0.02644
132.374	0.02643
132.342	0.02643
132.312	0.02644
132.28	0.02644
132.249	0.02643
132.219	0.02643
132.187	0.02641
132.158	0.02644
132.127	0.02642
132.098	0.02642
132.066	0.02644
132.036	0.02642
132.002	0.02643
131.971	0.02641
131.938	0.0264
131.905	0.02642
131.874	0.0264
131.84	0.02641
131.81	0.02641
131.777	0.02641
131.746	0.02641
131.713	0.0264
131.684	0.02639
131.652	0.0264
131.623	0.02639
131.592	0.02641
131.561	0.0264
131.532	0.0264
131.502	0.02639
131.474	0.02637
131.444	0.0264
131.416	0.02639
131.385	0.02639
131.357	0.02638
131.326	0.02637
131.297	0.02637
131.266	0.02638
131.234	0.02638
131.204	0.02637
131.172	0.02637
131.142	0.02637
131.11	0.02638
131.08	0.02636
131.048	0.02637
131.018	0.02636
130.986	0.02636
130.956	0.02635
130.924	0.02635
130.892	0.02635
130.862	0.02636
130.831	0.02635
130.801	0.02635
130.769	0.02634
130.739	0.02635
130.707	0.02634
130.678	0.02633
130.647	0.02634
130.617	0.02633
130.586	0.02635
130.554	0.02634
130.524	0.02634
130.492	0.02632
130.462	0.02633
130.43	0.02634
130.4	0.02631
130.367	0.02631
130.337	0.02632
130.305	0.02632
130.274	0.02633
130.242	0.02631
130.213	0.02631
130.182	0.02631
130.151	0.02631
130.122	0.02631
130.09	0.0263
130.061	0.02632
130.029	0.02631
129.998	0.0263
129.966	0.02631
129.936	0.02629
129.904	0.0263
129.872	0.02629
129.839	0.0263
129.805	0.02629
129.773	0.02628
129.739	0.02629
129.707	0.02628
129.674	0.02628
129.643	0.0263
129.61	0.02627
129.579	0.02628
129.547	0.02627
129.517	0.02626
129.485	0.02628
129.454	0.02627
129.421	0.02629
129.389	0.02627
129.359	0.02626
129.327	0.02627
129.297	0.02626
129.264	0.02626
129.235	0.02625
129.203	0.02624
129.174	0.02627
129.144	0.02626
129.115	0.02626
129.085	0.02625
129.053	0.02625
129.023	0.02626
128.991	0.02624
128.961	0.02625
128.927	0.02624
128.896	0.02623
128.863	0.02625
128.833	0.02623
128.801	0.02624
128.77	0.02623
128.737	0.02623
128.704	0.02624
128.673	0.02622
128.641	0.02622
128.61	0.02623
128.578	0.02622
128.548	0.02623
128.517	0.02622
128.488	0.02623
128.457	0.02622
128.427	0.02624
128.396	0.02623
128.367	0.02623
128.336	0.02622
128.304	0.02622
128.275	0.0262
128.243	0.02621
128.214	0.02621
128.183	0.02621
128.154	0.0262
128.123	0.02619
128.094	0.0262
128.064	0.02619
128.035	0.02619
128.003	0.02619
127.972	0.0262
127.943	0.02619
127.91	0.0262
127.88	0.0262
127.848	0.02619
127.817	0.02619
127.785	0.02619
127.755	0.02619
127.724	0.0262
127.695	0.02617
127.664	0.02618
127.634	0.02617
127.602	0.02617
127.57	0.02618
127.539	0.02617
127.507	0.02616
127.476	0.02617
127.443	0.02616
127.413	0.02616
127.379	0.02616
127.35	0.02615
127.317	0.02616
127.286	0.02616
127.253	0.02614
127.222	0.02615
127.188	0.02613
127.155	0.02616
127.124	0.02615
127.091	0.02614
127.06	0.02615
127.027	0.02614
126.996	0.02613
126.963	0.02614
126.932	0.02613
126.898	0.02614
126.867	0.02613
126.835	0.02612
126.804	0.02613
126.77	0.02613
126.737	0.02612
126.706	0.02613
126.673	0.02613
126.643	0.02613
126.612	0.02611
126.582	0.02612
126.551	0.02611
126.522	0.02612
126.49	0.02612
126.46	0.02609
126.428	0.02612
126.396	0.0261
126.366	0.0261
126.334	0.02612
126.304	0.0261
126.272	0.02612
126.243	0.02611
126.211	0.0261
126.181	0.02609
126.148	0.02609
126.118	0.02611
126.086	0.02609
126.056	0.0261
126.023	0.0261
125.99	0.02608
125.959	0.0261
125.926	0.02607
125.895	0.02609
125.862	0.02609
125.83	0.02608
125.796	0.0261
125.765	0.02608
125.731	0.02607
125.7	0.02608
125.666	0.02608
125.632	0.02607
125.6	0.02607
125.567	0.02607
125.535	0.02606
125.501	0.02607
125.469	0.02606
125.435	0.02607
125.403	0.02606
125.369	0.02606
125.338	0.02605
125.305	0.02604
125.274	0.02605
125.241	0.02605
125.209	0.02606
125.179	0.02606
125.147	0.02605
125.117	0.02606
125.086	0.02605
125.057	0.02604
125.025	0.02605
124.996	0.02603
124.963	0.02605
124.934	0.02605
124.902	0.02604
124.869	0.02603
124.838	0.02603
124.804	0.02603
124.772	0.02603
124.739	0.02602
124.707	0.02603
124.674	0.02602
124.643	0.02602
124.609	0.02603
124.577	0.02602
124.543	0.02601
124.511	0.02602
124.477	0.02602
124.444	0.02602
124.413	0.02601
124.38	0.02602
124.349	0.026
124.315	0.026
124.284	0.026
124.25	0.026
124.219	0.02601
124.187	0.026
124.158	0.02599
124.127	0.026
124.098	0.026
124.065	0.02599
124.032	0.02599
124.002	0.02599
123.969	0.026
123.939	0.02598
123.907	0.02599
123.877	0.02599
123.845	0.02598
123.815	0.02599
123.783	0.026
123.754	0.02597
123.721	0.02597
123.689	0.02598
123.66	0.02598
123.628	0.02599
123.599	0.02596
123.567	0.02597
123.537	0.02597
123.506	0.02597
123.477	0.02598
123.445	0.02596
123.414	0.02595
123.38	0.02596
123.346	0.02597
123.313	0.02595
123.279	0.02595
123.248	0.02595
123.215	0.02596
123.185	0.02594
123.152	0.02594
123.121	0.02596
123.088	0.02594
123.057	0.02595
123.023	0.02594
122.992	0.02594
122.959	0.02594
122.926	0.02595
122.895	0.02594
122.863	0.02594
122.834	0.02593
122.803	0.02594
122.773	0.02594
122.741	0.02594
122.71	0.02593
122.678	0.02591
122.647	0.02592
122.614	0.02594
122.582	0.02594
122.552	0.02592
122.522	0.02591
122.493	0.02592
122.464	0.02591
122.436	0.0259
122.406	0.02593
122.378	0.02593
122.348	0.02592
122.32	0.02592
122.288	0.0259
122.258	0.02592
122.226	0.0259
122.192	0.0259
122.16	0.02591
122.127	0.0259
122.096	0.02591
122.063	0.02589
122.032	0.02588
121.998	0.0259
121.967	0.02589
121.934	0.0259
121.903	0.0259
121.871	0.02588
121.839	0.02589
121.809	0.02588
121.777	0.02587
121.746	0.02588
121.713	0.02589
121.681	0.02589
121.648	0.02588
121.617	0.02587
121.584	0.02589
121.554	0.02588
121.523	0.02587
121.493	0.02589
121.461	0.02586
121.428	0.02587
121.398	0.02588
121.365	0.02587
121.335	0.02586
121.303	0.02585
121.272	0.02586
121.24	0.02588
121.21	0.02585
121.178	0.02586
121.145	0.02585
121.114	0.02585
121.081	0.02585
121.05	0.02585
121.018	0.02585
120.987	0.02585
120.955	0.02584
120.926	0.02587
120.894	0.02585
120.865	0.02584
120.835	0.02585
120.804	0.02583
120.772	0.02585
120.741	0.02583
120.709	0.02583
120.675	0.02584
120.644	0.02584
120.611	0.02583
120.579	0.02584
120.547	0.02583
120.517	0.02582
120.486	0.02583
120.457	0.02583
120.427	0.02583
120.399	0.02582
120.37	0.02582
120.341	0.02584
120.313	0.02582
120.282	0.02583
120.253	0.02582
120.222	0.02581
120.192	0.02582
120.16	0.02582
120.13	0.0258
120.098	0.0258
120.066	0.02581
120.032	0.02581
119.998	0.0258
119.966	0.0258
119.933	0.02581
119.901	0.0258
119.868	0.02581
119.838	0.02579
119.806	0.02578
119.776	0.02581
119.743	0.02578
119.713	0.02579
119.681	0.02579
119.651	0.02579
119.62	0.02579
119.588	0.02578
119.558	0.02578
119.525	0.02578
119.495	0.02576
119.463	0.02578
119.433	0.02576
119.401	0.02576
119.372	0.02578
119.34	0.02577
119.311	0.02576
119.279	0.02577
119.247	0.02576
119.218	0.02577
119.185	0.02576
119.155	0.02577
119.123	0.02578
119.092	0.02574
119.059	0.02575
119.029	0.02576
118.996	0.02574
118.965	0.02577
118.932	0.02575
118.902	0.02575
118.87	0.02576
118.838	0.02573
118.809	0.02575
118.777	0.02573
118.748	0.02574
118.717	0.02573
118.689	0.02573
118.658	0.02575
118.629	0.02575
118.597	0.02574
118.567	0.02573
118.536	0.02574
118.504	0.02574
118.475	0.02575
118.443	0.02573
118.414	0.02572
118.382	0.02574
118.352	0.02574
118.32	0.02573
118.288	0.02573
118.257	0.02572
118.226	0.02572
118.194	0.02573
118.161	0.0257
118.13	0.0257
118.097	0.02572
118.066	0.0257
118.034	0.02571
118.004	0.0257
117.972	0.02572
117.942	0.0257
117.909	0.02569
117.878	0.02571
117.847	0.02571
117.817	0.0257
117.786	0.0257
117.754	0.0257
117.723	0.02571
117.69	0.0257
117.66	0.02568
117.627	0.02568
117.597	0.02568
117.564	0.02568
117.533	0.02569
117.5	0.02569
117.471	0.02567
117.438	0.0257
117.408	0.02568
117.376	0.02567
117.344	0.02568
117.315	0.02567
117.283	0.02566
117.254	0.02568
117.223	0.02567
117.194	0.02567
117.163	0.02568
117.133	0.02568
117.105	0.02567
117.076	0.02566
117.043	0.02566
117.01	0.02566
116.98	0.02566
116.947	0.02566
116.915	0.02565
116.882	0.02565
116.85	0.02566
116.815	0.02565
116.782	0.02565
116.746	0.02567
116.714	0.02563
116.68	0.02566
116.648	0.02565
116.614	0.02564
116.58	0.02564
116.548	0.02564
116.514	0.02562
116.482	0.02563
116.448	0.02564
116.416	0.02565
116.383	0.02564
116.351	0.02563
116.318	0.02564
116.287	0.02564
116.254	0.02563
116.224	0.02564
116.191	0.02563
116.159	0.02563
116.129	0.02564
116.096	0.02562
116.067	0.02563
116.035	0.02561
116.005	0.02563
115.973	0.02563
115.943	0.02561
115.911	0.02562
115.882	0.02561
115.851	0.0256
115.822	0.02562
115.791	0.02563
115.761	0.02561
115.732	0.02561
115.702	0.02561
115.674	0.02563
115.643	0.02559
115.613	0.02561
115.582	0.0256
115.551	0.02561
115.518	0.02559
115.486	0.0256
115.452	0.0256
115.417	0.0256
115.385	0.02559
115.351	0.02558
115.32	0.02559
115.286	0.02559
115.254	0.02558
115.22	0.02559
115.188	0.02557
115.154	0.02558
115.122	0.02559
115.087	0.02559
115.055	0.02559
115.021	0.02556
114.986	0.02557
114.955	0.02557
114.922	0.02557
114.891	0.02558
114.859	0.02557
114.829	0.02557
114.796	0.02557
114.764	0.02557
114.732	0.02558
114.701	0.02557
114.667	0.02555
114.634	0.02556
114.599	0.02556
114.564	0.02556
114.531	0.02557
114.497	0.02556
114.465	0.02557
114.432	0.02557
114.4	0.02554
114.367	0.02555
114.337	0.02555
114.304	0.02554
114.273	0.02555
114.24	0.02554
114.208	0.02554
114.178	0.02555
114.146	0.02554
114.116	0.02554
114.084	0.02554
114.054	0.02553
114.021	0.02554
113.99	0.02553
113.958	0.02554
113.927	0.02553
113.894	0.02552
113.862	0.02554
113.833	0.02553
113.803	0.02553
113.775	0.02552
113.743	0.02553
113.714	0.02553
113.682	0.02553
113.652	0.02553
113.62	0.02552
113.589	0.02553
113.557	0.02552
113.526	0.02553
113.494	0.02551
113.46	0.02551
113.43	0.02551
113.397	0.02551
113.367	0.02551
113.334	0.02552
113.305	0.02551
113.273	0.02551
113.243	0.02551
113.211	0.0255
113.18	0.02551
113.147	0.0255
113.114	0.02549
113.083	0.0255
113.05	0.0255
113.018	0.02549
112.984	0.02549
112.951	0.02548
112.916	0.02549
112.884	0.0255
112.85	0.02549
112.819	0.0255
112.786	0.02549
112.756	0.02547
112.723	0.02548
112.691	0.02547
112.66	0.02548
112.628	0.02548
112.597	0.02547
112.564	0.02548
112.533	0.02547
112.5	0.02547
112.47	0.02548
112.437	0.02546
112.408	0.02547
112.377	0.02547
112.348	0.02546
112.316	0.02548
112.284	0.02546
112.254	0.02546
112.222	0.02546
112.194	0.02547
112.164	0.02545
112.135	0.02547
112.104	0.02546
112.074	0.02545
112.042	0.02545
112.012	0.02546
111.98	0.02546
111.947	0.02545
111.917	0.02545
111.884	0.02544
111.854	0.02544
111.823	0.02546
111.794	0.02544
111.762	0.02544
111.732	0.02545
111.699	0.02543
111.669	0.02545
111.636	0.02543
111.605	0.02544
111.572	0.02545
111.54	0.02543
111.509	0.02543
111.476	0.02542
111.446	0.02542
111.413	0.02543
111.382	0.02542
111.35	0.02541
111.319	0.02541
111.285	0.02541
111.254	0.02541
111.221	0.02542
111.188	0.02542
111.157	0.02543
111.123	0.02542
111.092	0.02542
111.059	0.02541
111.029	0.02541
110.997	0.02541
110.966	0.0254
110.933	0.02541
110.903	0.02542
110.869	0.02539
110.837	0.02541
110.806	0.0254
110.774	0.02539
110.743	0.0254
110.711	0.02539
110.682	0.0254
110.65	0.0254
110.621	0.0254
110.59	0.02541
110.561	0.02539
110.529	0.02539
110.5	0.02541
110.468	0.02538
110.436	0.02539
110.406	0.02539
110.374	0.02539
110.343	0.02539
110.311	0.02537
110.28	0.02539
110.246	0.0254
110.214	0.02538
110.179	0.02537
110.145	0.02538
110.113	0.02537
110.079	0.02539
110.048	0.02537
110.013	0.02538
109.979	0.02537
109.942	0.02536
109.908	0.02537
109.872	0.02537
109.838	0.02536
109.803	0.02537
109.769	0.02537
109.734	0.02536
109.701	0.02536
109.666	0.02535
109.632	0.02535
109.602	0.02536
109.57	0.02535
109.54	0.02536
109.507	0.02535
109.477	0.02535
109.445	0.02534
109.415	0.02534
109.383	0.02536
109.353	0.02537
109.321	0.02534
109.291	0.02535
109.263	0.02534
109.232	0.02534
109.204	0.02534
109.173	0.02534
109.143	0.02535
109.11	0.02532
109.08	0.02534
109.048	0.02533
109.018	0.02533
108.986	0.02534
108.954	0.02533
108.922	0.02532
108.889	0.02532
108.857	0.02532
108.823	0.02533
108.791	0.02533
108.756	0.02532
108.724	0.02533
108.69	0.02532
108.658	0.02531
108.625	0.02531
108.593	0.0253
108.559	0.02532
108.526	0.0253
108.492	0.0253
108.458	0.02531
108.426	0.02531
108.391	0.02529
108.358	0.02532
108.324	0.02529
108.292	0.0253
108.258	0.0253
108.227	0.02531
108.192	0.02531
108.16	0.0253
108.125	0.02529
108.09	0.0253
108.057	0.02529
108.023	0.0253
107.992	0.02528
107.959	0.02529
107.929	0.0253
107.898	0.02529
107.868	0.02529
107.838	0.02528
107.807	0.02528
107.775	0.02529
107.745	0.02528
107.713	0.02529
107.681	0.02529
107.651	0.02528
107.619	0.0253
107.588	0.02527
107.555	0.02527
107.524	0.02528
107.492	0.02527
107.462	0.02528
107.429	0.02526
107.397	0.02527
107.365	0.02527
107.335	0.02526
107.303	0.02526
107.27	0.02526
107.239	0.02525
107.205	0.02525
107.174	0.02525
107.139	0.02525
107.107	0.02526
107.072	0.02525
107.039	0.02526
107.004	0.02524
106.974	0.02525
106.942	0.02526
106.91	0.02526
106.88	0.02524
106.848	0.02526
106.817	0.02523
106.785	0.02525
106.754	0.02526
106.72	0.02523
106.689	0.02524
106.654	0.02522
106.623	0.02523
106.59	0.02524
106.559	0.02524
106.526	0.02524
106.493	0.02524
106.462	0.02523
106.428	0.02523
106.396	0.02523
106.362	0.02524
106.33	0.02522
106.296	0.02522
106.264	0.02521
106.231	0.02521
106.199	0.02522
106.165	0.02521
106.13	0.0252
106.097	0.02522
106.063	0.02523
106.031	0.02522
105.997	0.02522
105.965	0.02521
105.932	0.02521
105.901	0.02521
105.868	0.02521
105.839	0.02521
105.806	0.02521
105.773	0.02521
105.743	0.02521
105.71	0.02519
105.679	0.0252
105.645	0.0252
105.614	0.0252
105.582	0.02521
105.553	0.02519
105.522	0.02519
105.492	0.02519
105.459	0.02518
105.427	0.02519
105.393	0.02519
105.361	0.02518
105.327	0.0252
105.294	0.02517
105.263	0.02518
105.229	0.02518
105.198	0.02517
105.165	0.02519
105.133	0.02517
105.1	0.02517
105.069	0.02517
105.035	0.02517
105.002	0.02517
104.967	0.02518
104.936	0.02512
104.902	0.02518
104.868	0.02516
104.836	0.02517
104.803	0.02515
104.772	0.02514
104.738	0.02515
104.707	0.02516
104.674	0.02515
104.644	0.02516
104.611	0.02516
104.58	0.02514
104.547	0.02514
104.515	0.02514
104.485	0.02515
104.453	0.02514
104.422	0.02515
104.389	0.02516
104.359	0.02514
104.327	0.02516
104.299	0.02515
104.267	0.02514
104.238	0.02514
104.206	0.02513
104.176	0.02514