259.956	0.22393
259.724	0.22385
259.475	0.22377
259.242	0.22366
258.99	0.22356
258.738	0.22348
258.501	0.22338
258.265	0.22327
258.014	0.22316
257.764	0.22307
257.53	0.22297
257.278	0.22289
257.047	0.2228
256.797	0.2227
256.568	0.22261
256.327	0.22252
256.106	0.22242
255.869	0.22234
255.643	0.22225
255.399	0.22214
255.157	0.22208
254.934	0.222
254.699	0.2219
254.485	0.22181
254.253	0.22173
254.042	0.22162
253.811	0.22154
253.596	0.22145
253.363	0.22135
253.141	0.22129
252.902	0.22119
252.663	0.22111
252.435	0.22102
252.188	0.22093
251.957	0.22085
251.709	0.22078
251.477	0.22069
251.229	0.2206
250.999	0.22052
250.749	0.22044
250.501	0.22034
250.278	0.22025
250.04	0.22017
249.819	0.22011
249.584	0.22004
249.367	0.21993
249.132	0.21986
248.912	0.21977
248.679	0.21971
248.459	0.21962
248.227	0.21953
247.993	0.21945
247.775	0.21938
247.544	0.21933
247.328	0.21922
247.098	0.21916
246.885	0.21906
246.66	0.21901
246.45	0.21893
246.227	0.21885
246.022	0.21876
245.801	0.21869
245.582	0.21861
245.382	0.21855
245.165	0.21846
244.965	0.21839
244.75	0.21832
244.551	0.21825
244.337	0.21817
244.139	0.21811
243.928	0.21802
243.73	0.21796
243.517	0.21789
243.305	0.21782
243.108	0.21775
242.898	0.21767
242.708	0.21761
242.502	0.21754
242.314	0.21746
242.107	0.21737
241.918	0.21731
241.712	0.21725
241.522	0.21718
241.319	0.21713
241.116	0.21705
240.929	0.21696
240.728	0.21691
240.541	0.21685
240.345	0.21675
240.158	0.21671
239.955	0.21664
239.767	0.21657
239.568	0.21651
239.386	0.21644
239.191	0.21636
239.004	0.21632
238.826	0.21625
238.638	0.21619
238.465	0.21612
238.277	0.21606
238.101	0.21599
237.914	0.21593
237.733	0.21587
237.543	0.21579
237.367	0.21573
237.184	0.21568
237	0.21562
236.829	0.21554
236.645	0.21547
236.477	0.21541
236.298	0.21536
236.13	0.2153
235.952	0.21523
235.786	0.21518
235.609	0.21512
235.446	0.21505
235.27	0.215
235.096	0.21493
234.931	0.21487
234.757	0.21482
234.594	0.21476
234.42	0.21469
234.258	0.21463
234.079	0.21458
233.918	0.21453
233.747	0.21447
233.588	0.21441
233.418	0.21435
233.25	0.21429
233.096	0.21423
232.932	0.21417
232.779	0.21411
232.615	0.21406
232.46	0.214
232.292	0.21395
232.139	0.21389
231.975	0.21383
231.823	0.21378
231.661	0.21374
231.5	0.21367
231.35	0.21362
231.187	0.21357
231.034	0.21351
230.871	0.21346
230.721	0.2134
230.561	0.21335
230.415	0.21329
230.259	0.21324
230.102	0.21319
229.954	0.21314
229.796	0.21309
229.646	0.21303
229.488	0.21298
229.337	0.21293
229.177	0.21288
229.034	0.21282
228.881	0.21277
228.737	0.21272
228.581	0.21266
228.44	0.21262
228.291	0.21255
228.143	0.21252
228.004	0.21247
227.856	0.21241
227.72	0.21236
227.576	0.2123
227.437	0.21226
227.288	0.21221
227.151	0.21216
227.004	0.2121
226.869	0.21207
226.726	0.21202
226.583	0.21197
226.45	0.21192
226.309	0.21187
226.175	0.21181
226.033	0.21179
225.898	0.21173
225.756	0.21167
225.623	0.21163
225.482	0.21158
225.339	0.21154
225.206	0.21149
225.065	0.21144
224.928	0.21139
224.78	0.21134
224.647	0.21131
224.504	0.21126
224.374	0.21121
224.237	0.21116
224.109	0.21112
223.972	0.21107
223.837	0.21103
223.712	0.21099
223.579	0.21093
223.452	0.2109
223.318	0.21086
223.195	0.21081
223.059	0.21076
222.934	0.21072
222.804	0.21068
222.673	0.21063
222.55	0.21058
222.417	0.21055
222.296	0.21051
222.166	0.21046
222.043	0.21041
221.916	0.21038
221.796	0.21033
221.668	0.2103
221.552	0.21025
221.426	0.2102
221.302	0.21016
221.183	0.21012
221.055	0.21008
220.937	0.21004
220.81	0.21
220.691	0.20996
220.566	0.20992
220.45	0.20989
220.325	0.20983
220.21	0.20979
220.087	0.20976
219.966	0.20971
219.854	0.20968
219.732	0.20964
219.617	0.20959
219.499	0.20955
219.386	0.20951
219.266	0.20947
219.154	0.20943
219.036	0.20938
218.916	0.20934
218.806	0.20932
218.686	0.20927
218.573	0.20923
218.453	0.20919
218.335	0.20915
218.21	0.20911
218.1	0.20908
217.987	0.20904
217.869	0.209
217.763	0.20896
217.65	0.20892
217.545	0.20888
217.433	0.20885
217.327	0.20882
217.214	0.20878
217.11	0.20874
217	0.20871
216.9	0.20866
216.788	0.20863
216.678	0.20859
216.577	0.20856
216.469	0.20852
216.369	0.20848
216.26	0.20844
216.158	0.20841
216.051	0.20837
215.948	0.20833
215.841	0.2083
215.732	0.20826
215.613	0.20823
215.497	0.20819
215.39	0.20816
215.281	0.20812
215.179	0.20808
215.072	0.20805
214.974	0.20802
214.87	0.20798
214.773	0.20795
214.671	0.20791
214.567	0.20788
214.468	0.20784
214.365	0.20781
214.266	0.20777
214.164	0.20774
214.069	0.2077
213.969	0.20768
213.873	0.20765
213.772	0.20761
213.67	0.20757
213.577	0.20754
213.477	0.20751
213.384	0.20747
213.287	0.20744
213.195	0.20741
213.096	0.20738
213.004	0.20735
212.906	0.20731
212.811	0.20729
212.711	0.20726
212.612	0.20722
212.518	0.20717
212.416	0.20715
212.322	0.20712
212.222	0.20709
212.129	0.20706
212.029	0.20702
211.935	0.20699
211.84	0.20696
211.747	0.20693
211.661	0.2069
211.569	0.20687
211.481	0.20684
211.388	0.20681
211.302	0.20677
211.209	0.20674
211.122	0.20671
211.027	0.20669
210.94	0.20665
210.847	0.20663
210.752	0.20659
210.665	0.20656
210.573	0.20652
210.483	0.2065
210.388	0.20647
210.301	0.20643
199.564	0.20641
202.106	0.20638
204.111	0.20635
205.484	0.20633
206.559	0.2063
207.33	0.20627
207.844	0.20624
208.233	0.2062
208.482	0.20618
208.659	0.20615
208.762	0.20613
208.823	0.20609
208.844	0.20606
208.836	0.20603
208.806	0.206
208.763	0.20599
208.706	0.20595
208.645	0.20592
208.571	0.20589
208.499	0.20586
208.421	0.20585
208.347	0.20581
208.264	0.20579
208.188	0.20576
208.107	0.20573
208.026	0.2057
207.95	0.20567
207.867	0.20564
207.791	0.20561
207.707	0.20559
207.629	0.20556
207.545	0.20554
207.459	0.20551
207.378	0.20547
207.295	0.20545
207.218	0.20543
207.137	0.2054
207.063	0.20538
206.983	0.20535
206.909	0.20533
206.828	0.2053
206.753	0.20527
206.672	0.20525
206.592	0.20522
206.518	0.20521
206.438	0.20516
206.363	0.20514
206.283	0.20512
206.208	0.20509
206.129	0.20507
206.051	0.20504
205.975	0.20501
205.896	0.205
205.81	0.20497
205.729	0.20494
205.657	0.20492
205.579	0.20488
205.503	0.20486
205.422	0.20484
205.349	0.20481
205.271	0.2048
205.201	0.20476
205.128	0.20474
205.057	0.20472
204.982	0.2047
204.908	0.20466
204.841	0.20463
204.768	0.20462
204.7	0.2046
204.63	0.20457
204.564	0.20455
204.493	0.20452
204.423	0.2045
204.35	0.20447
204.282	0.20445
204.212	0.20442
204.142	0.20441
204.078	0.20439
204.009	0.20435
203.944	0.20434
203.874	0.2043
203.807	0.20429
203.734	0.20427
203.662	0.20424
203.591	0.20422
203.525	0.2042
203.454	0.20418
203.382	0.20416
203.315	0.20413
203.242	0.20411
203.176	0.20408
203.107	0.20407
203.043	0.20404
202.975	0.20402
202.911	0.204
202.843	0.20397
202.78	0.20395
202.712	0.20393
202.644	0.20391
202.582	0.20389
202.512	0.20386
202.445	0.20383
202.374	0.2038
202.309	0.20377
202.241	0.20375
202.174	0.20372
202.113	0.2037
202.051	0.20367
201.984	0.20364
201.918	0.20363
201.853	0.2036
201.784	0.20357
201.72	0.20356
201.654	0.20353
201.588	0.20351
201.519	0.2035
201.458	0.20348
201.395	0.20345
201.337	0.20342
201.276	0.2034
201.215	0.20338
201.157	0.20336
201.095	0.20333
201.034	0.20331
200.97	0.20329
200.911	0.20327
200.849	0.20325
200.791	0.20322
200.729	0.2032
200.671	0.20318
200.609	0.20317
200.551	0.20315
200.489	0.20313
200.428	0.20309
200.37	0.20308
200.309	0.20306
200.252	0.20305
200.188	0.20301
200.128	0.20301
200.063	0.20299
200.002	0.20297
199.938	0.20296
199.882	0.20292
199.822	0.20291
199.763	0.2029
199.705	0.20286
199.64	0.20285
199.582	0.20283
199.522	0.20281
199.468	0.20279
199.41	0.20277
199.356	0.20275
199.297	0.20274
199.243	0.20272
199.187	0.20269
199.132	0.20268
199.079	0.20265
199.021	0.20264
198.968	0.20261
198.911	0.2026
198.858	0.20257
198.803	0.20255
198.752	0.20254
198.699	0.20253
198.649	0.2025
198.595	0.20248
198.545	0.20247
198.491	0.20245
198.437	0.20243
198.388	0.20241
198.334	0.20239
198.282	0.20237
198.224	0.20235
198.17	0.20234
198.114	0.20232
198.063	0.2023
198.005	0.20228
197.952	0.20227
197.898	0.20225
197.843	0.20223
197.793	0.20221
197.74	0.2022
197.69	0.20218
197.637	0.20217
197.586	0.20215
197.532	0.20213
197.482	0.20212
197.429	0.20209
197.379	0.20208
197.325	0.20206
197.275	0.20205
197.218	0.20203
197.161	0.20202
197.109	0.20199
197.055	0.20198
197.006	0.20196
196.954	0.20194
196.907	0.20193
196.856	0.20192
196.808	0.20189
196.756	0.20188
196.708	0.20186
196.658	0.20185
196.613	0.20183
196.565	0.20182
196.517	0.2018
196.472	0.20178
196.424	0.20177
196.38	0.20176
196.332	0.20173
196.287	0.20172
196.239	0.2017
196.191	0.20169
196.147	0.20167
196.102	0.20166
196.054	0.20164
196.003	0.20162
195.957	0.2016
195.906	0.20159
195.859	0.20157
195.807	0.20156
195.76	0.20154
195.708	0.20153
195.661	0.20152
195.613	0.2015
195.568	0.20148
195.519	0.20147
195.472	0.20145
195.426	0.20143
195.375	0.20143
195.329	0.2014
195.279	0.20138
195.234	0.20138
195.188	0.20137
195.144	0.20135
195.097	0.20133
195.054	0.2013
195.01	0.20131
194.969	0.20129
194.925	0.20127
194.882	0.20126
194.84	0.20124
194.796	0.20122
194.755	0.20121
194.711	0.2012
194.67	0.20118
194.626	0.20117
194.585	0.20116
194.542	0.20114
194.502	0.20111
194.459	0.20111
194.416	0.20109
194.376	0.20108
194.333	0.20106
194.294	0.20106
194.25	0.20104
194.21	0.20102
194.167	0.20101
194.126	0.201
194.082	0.20098
194.041	0.20096
193.997	0.20095
193.956	0.20094
193.912	0.20093
193.868	0.20092
193.828	0.2009
193.786	0.20088
193.746	0.20087
193.704	0.20086
193.664	0.20084
193.616	0.20084
193.57	0.20082
193.525	0.2008
193.485	0.20079
193.444	0.20077
193.404	0.20076
193.368	0.20075
193.328	0.20073
193.29	0.20072
193.251	0.20071
193.213	0.2007
193.171	0.20067
193.131	0.20067
193.089	0.20065
193.046	0.20064
193.006	0.20063
192.966	0.20062
192.924	0.20061
192.882	0.20059
192.844	0.20057
192.803	0.20056
192.766	0.20055
192.725	0.20054
192.688	0.20052
192.649	0.20052
192.612	0.2005
192.572	0.20049
192.536	0.20048
192.493	0.20047
192.45	0.20044
192.411	0.20043
192.369	0.20042
192.329	0.20041
192.286	0.2004
192.246	0.20038
192.204	0.20037
192.165	0.20036
192.124	0.20034
192.086	0.20032
192.047	0.20031
192.009	0.2003
191.974	0.20029
191.937	0.20028
191.902	0.20027
191.864	0.20026
191.831	0.20025
191.794	0.20022
191.759	0.20022
191.721	0.20021
191.687	0.2002
191.65	0.20018
191.616	0.20017
191.579	0.20017
191.541	0.20015
191.507	0.20013
191.471	0.20013
191.437	0.20011
191.398	0.20009
191.362	0.2001
191.321	0.20008
191.285	0.20006
191.247	0.20005
191.213	0.20004
191.177	0.20003
191.137	0.20002
191.101	0.2
191.062	0.2
191.028	0.19998
190.99	0.19998
190.953	0.19996
190.913	0.19995
190.874	0.19994
190.831	0.19992
190.792	0.19992
190.748	0.19991
190.707	0.19988
190.666	0.19988
190.628	0.19987
190.594	0.19986
190.56	0.19984
190.528	0.19983
190.495	0.19983
190.464	0.19981
190.431	0.1998
190.4	0.19978
190.368	0.19978
190.337	0.19977
190.303	0.19975
190.268	0.19974
190.236	0.19973
190.202	0.19971
190.172	0.19971
190.14	0.19969
190.11	0.19968
190.078	0.19966
190.049	0.19965
190.015	0.19964
189.982	0.19964
189.945	0.19962
189.909	0.19962
189.873	0.19961
189.837	0.19959
189.805	0.19958
189.771	0.19958
189.739	0.19956
189.705	0.19953
189.672	0.19953
189.639	0.19953
189.609	0.19952
189.578	0.19952
189.546	0.1995
189.512	0.19947
189.479	0.19947
189.448	0.19946
189.416	0.19945
189.386	0.19945
189.353	0.19942
189.322	0.19941
189.289	0.19941
189.258	0.1994
189.224	0.19938
189.191	0.19939
189.16	0.19936
189.13	0.19935
189.097	0.19934
189.066	0.19934
189.038	0.19932
189.005	0.19931
188.975	0.1993
188.944	0.19929
188.913	0.19927
188.88	0.19928
188.847	0.19925
188.81	0.19924
188.779	0.19923
188.744	0.19922
188.711	0.19921
188.679	0.1992
188.645	0.19919
188.616	0.19918
188.584	0.19917
188.552	0.19916
188.52	0.19916
188.492	0.19914
188.462	0.19914
188.434	0.19913
188.404	0.19912
188.372	0.1991
188.34	0.1991
188.307	0.19908
188.278	0.19908
188.247	0.19907
188.22	0.19906
188.192	0.19905
188.166	0.19904
188.137	0.19904
188.107	0.19901
188.074	0.19901
188.042	0.19899
188.01	0.19899
187.978	0.19898
187.948	0.19897
187.917	0.19897
187.887	0.19895
187.857	0.19895
187.83	0.19893
187.801	0.19892
187.775	0.19891
187.746	0.19891
187.72	0.19889
187.69	0.19889
187.66	0.19888
187.632	0.19887
187.601	0.19886
187.572	0.19885
187.542	0.19884
187.515	0.19884
187.486	0.19882
187.459	0.19881
187.429	0.1988
187.402	0.1988
187.373	0.19878
187.347	0.19878
187.32	0.19877
187.293	0.19876
187.268	0.19874
187.237	0.19873
187.207	0.19872
187.176	0.19872
187.149	0.1987
187.116	0.1987
187.088	0.19869
187.06	0.19868
187.034	0.19866
187.009	0.19865
186.983	0.19865
186.958	0.19864
186.929	0.19864
186.902	0.19862
186.874	0.19861
186.847	0.1986
186.819	0.19859
186.791	0.19858
186.761	0.19858
186.734	0.19857
186.707	0.19855
186.683	0.19855
186.656	0.19854
186.629	0.19853
186.604	0.19853
186.578	0.19852
186.552	0.19851
186.525	0.1985
186.501	0.19848
186.476	0.19847
186.451	0.19847
186.424	0.19846
186.399	0.19846
186.372	0.19844
186.346	0.19844
186.322	0.19843
186.295	0.19842
186.268	0.19841
186.239	0.1984
186.211	0.19838
186.18	0.19838
186.154	0.19838
186.125	0.19836
186.098	0.19836
186.069	0.19835
186.045	0.19834
186.019	0.19833
185.994	0.19831
185.97	0.19831
185.945	0.1983
185.919	0.1983
185.891	0.19828
185.864	0.19828
185.835	0.19826
185.809	0.19826
185.782	0.19825
185.759	0.19824
185.735	0.19824
185.712	0.19822
185.688	0.19822
185.662	0.19821
185.637	0.1982
185.612	0.19819
185.588	0.19818
185.562	0.19817
185.538	0.19816
185.511	0.19815
185.487	0.19815
185.46	0.19814
185.436	0.19813
185.41	0.19812
185.382	0.19811
185.358	0.19811
185.332	0.19809
185.309	0.1981
185.281	0.19809
185.255	0.19808
185.227	0.19806
185.202	0.19805
185.177	0.19805
185.154	0.19804
185.13	0.19803
185.106	0.19802
185.083	0.19801
185.055	0.19801
185.029	0.198
185.003	0.19799
184.98	0.19798
184.954	0.19796
184.928	0.19796
184.901	0.19795
184.878	0.19794
184.853	0.19794
184.831	0.19793
184.807	0.19791
184.783	0.19791
184.758	0.1979
184.731	0.19789
184.705	0.19789
184.679	0.19788
184.656	0.19786
184.631	0.19785
184.608	0.19786
184.583	0.19785
184.56	0.19784
184.536	0.19783
184.512	0.19783
184.489	0.19781
184.461	0.1978
184.434	0.19779
184.405	0.19779
184.379	0.19778
184.351	0.19778
184.324	0.19777
184.296	0.19775
184.272	0.19774
184.246	0.19774
184.221	0.19774
184.198	0.19772
184.174	0.19772
184.15	0.19771
184.124	0.1977
184.1	0.19769
184.074	0.19769
184.05	0.19768
184.026	0.19767
184.004	0.19766
183.98	0.19765
183.957	0.19764
183.928	0.19764
183.9	0.19763
183.875	0.19763
183.847	0.19762
183.822	0.1976
183.794	0.19759
183.767	0.19759
183.738	0.19758
183.711	0.19757
183.684	0.19756
183.659	0.19755
183.631	0.19754
183.605	0.19754
183.58	0.19753
183.555	0.19752
183.53	0.19752
183.502	0.19751
183.479	0.1975
183.455	0.19749
183.434	0.19748
183.412	0.19747
183.389	0.19747
183.363	0.19747
183.337	0.19745
183.314	0.19745
183.29	0.19744
183.267	0.19742
183.243	0.19742
183.221	0.19742
183.199	0.19741
183.177	0.19741
183.154	0.19739
183.134	0.19738
183.111	0.19738
183.086	0.19737
183.055	0.19736
183.023	0.19736
182.997	0.19736
182.972	0.19734
182.95	0.19733
182.928	0.19732
182.908	0.19732
182.886	0.19731
182.865	0.19731
182.84	0.1973
182.819	0.19728
182.796	0.19729
182.774	0.19728
182.753	0.19726
182.73	0.19727
182.709	0.19725
182.687	0.19724
182.665	0.19723
182.641	0.19723
182.619	0.19723
182.595	0.19721
182.573	0.19721
182.551	0.19719
182.528	0.1972
182.507	0.1972
182.483	0.19718
182.462	0.19718
182.44	0.19716
182.421	0.19715
182.4	0.19715
182.379	0.19714
182.356	0.19714
182.335	0.19712
182.312	0.19711
182.292	0.19711
182.271	0.19711
182.248	0.1971
182.228	0.19709
182.206	0.19708
182.185	0.19708
182.162	0.19707
182.139	0.19706
182.119	0.19706
182.099	0.19705
182.076	0.19704
182.056	0.19703
182.033	0.19703
182.011	0.19703
181.99	0.19701
181.968	0.197
181.947	0.19699
181.926	0.19699
181.907	0.19698
181.881	0.19698
181.857	0.19696
181.833	0.19696
181.811	0.19695
181.789	0.19695
181.765	0.19695
181.743	0.19693
181.72	0.19692
181.701	0.19693
181.681	0.19692
181.663	0.1969
181.642	0.1969
181.622	0.19688
181.6	0.19687
181.58	0.19688
181.559	0.19687
181.538	0.19686
181.517	0.19687
181.494	0.19685
181.473	0.19684
181.453	0.19684
181.436	0.19683
181.416	0.19683
181.396	0.19681
181.374	0.1968
181.354	0.1968
181.331	0.19679
181.308	0.19678
181.286	0.19677
181.263	0.19677
181.383	0.19676
181.324	0.19675
181.276	0.19675
181.234	0.19674
181.2	0.19674
181.168	0.19673
181.141	0.19673
181.113	0.19672
181.085	0.19671
181.058	0.1967
181.03	0.19669
181.006	0.19669
180.982	0.19667
180.961	0.19668
180.941	0.19666
180.923	0.19666
180.903	0.19666
180.883	0.19664
180.861	0.19665
180.839	0.19663
180.82	0.19663
180.8	0.19662
180.779	0.19661
180.754	0.1966
180.73	0.1966
180.707	0.1966
180.688	0.19659
180.666	0.19659
180.645	0.19658
180.624	0.19656
180.604	0.19657
180.582	0.19656
180.56	0.19656
180.538	0.19653
180.516	0.19654
180.496	0.19653
180.474	0.19651
180.453	0.19652
180.431	0.19651
180.412	0.19651
180.389	0.19648
180.368	0.19648
180.349	0.19646
180.329	0.19648
180.31	0.19647
180.291	0.19645
180.273	0.19646
180.253	0.19643
180.236	0.19644
180.218	0.19643
180.201	0.19643
180.184	0.19641
180.167	0.19642
180.149	0.1964
180.13	0.19639
180.113	0.19638
180.092	0.19638
180.072	0.19638
180.053	0.19636
180.034	0.19637
180.008	0.19636
179.986	0.19636
179.964	0.19634
179.945	0.19633
179.924	0.19633
179.902	0.19632
179.881	0.19631
179.859	0.19631
179.84	0.19629
179.82	0.19629
179.799	0.19629
179.776	0.19628
179.753	0.19628
179.729	0.19627
179.708	0.19627
179.687	0.19626
179.667	0.19625
179.65	0.19624
179.63	0.19623
179.61	0.19623
179.589	0.19622
179.571	0.19623
179.552	0.19622
179.532	0.1962
179.51	0.19619
179.49	0.19618
179.468	0.19618
179.448	0.19618
179.429	0.19616
179.41	0.19616
179.393	0.19616
179.375	0.19615
179.359	0.19614
179.341	0.19614
179.324	0.19613
179.304	0.19612
179.285	0.19611
179.264	0.1961
179.246	0.19609
179.226	0.1961
179.206	0.19608
179.187	0.19609
179.167	0.19607
179.146	0.19607
179.124	0.19606
179.106	0.19606
179.086	0.19606
179.068	0.19604
179.049	0.19604
179.03	0.19604
179.007	0.19602
178.983	0.19602
178.959	0.19602
178.935	0.19601
178.915	0.19599
178.893	0.19599
178.874	0.19598
178.851	0.19598
178.831	0.19597
178.809	0.19597
178.789	0.19596
178.771	0.19596
178.752	0.19594
178.734	0.19594
178.715	0.19593
178.698	0.19593
178.679	0.19592
178.662	0.19591
178.644	0.19591
178.627	0.1959
178.608	0.1959
178.59	0.1959
178.569	0.19588
178.548	0.19587
178.53	0.19587
178.51	0.19586
178.492	0.19586
178.471	0.19586
178.451	0.19584
178.43	0.19585
178.411	0.19583
178.391	0.19581
178.371	0.19583
178.349	0.19582
178.329	0.19581
178.311	0.1958
178.292	0.19579
178.275	0.19579
178.257	0.19578
178.238	0.19577
178.219	0.19577
178.202	0.19577
178.182	0.19576
178.161	0.19576
178.136	0.19574
178.115	0.19575
178.094	0.19573
178.074	0.19572
178.055	0.19572
178.037	0.19571
178.017	0.1957
177.997	0.1957
177.98	0.19569
177.962	0.1957
177.944	0.19568
177.925	0.19568
177.906	0.19567
177.887	0.19567
177.868	0.19568
177.85	0.19566
177.832	0.19564
177.815	0.19565
177.795	0.19565
177.775	0.19564
177.752	0.19563
177.726	0.19562
177.7	0.19562
177.677	0.1956
177.655	0.1956
177.635	0.19559
177.616	0.19559
177.595	0.19557
177.573	0.19557
177.548	0.19557
177.529	0.19556
177.509	0.19556
177.492	0.19554
177.471	0.19554
177.449	0.19554
177.429	0.19553
177.404	0.19552
177.382	0.19552
177.361	0.19551
177.343	0.19551
177.324	0.19551
177.306	0.19547
177.29	0.19548
177.274	0.19548
177.256	0.19548
177.237	0.19546
177.217	0.19547
177.193	0.19546
177.171	0.19545
177.148	0.19544
177.128	0.19543
177.109	0.19543
177.093	0.19542
177.076	0.19541
177.059	0.19541
177.04	0.19541
177.021	0.1954
177.004	0.19539
176.986	0.1954
176.969	0.19538
176.951	0.19538
176.933	0.19536
176.916	0.19536
176.899	0.19535
176.882	0.19535
176.866	0.19534
176.847	0.19535
176.827	0.19532
176.808	0.19532
176.788	0.19531
176.771	0.19531
176.754	0.19531
176.737	0.19529
176.719	0.19529
176.699	0.19529
176.681	0.19528
176.663	0.19527
176.644	0.19527
176.627	0.19527
176.606	0.19524
176.584	0.19526
176.565	0.19524
176.545	0.19524
176.528	0.19524
176.507	0.19523
176.489	0.19521
176.469	0.19523
176.449	0.19521
176.427	0.1952
176.404	0.19518
176.378	0.1952
176.352	0.19519
176.33	0.19519
176.308	0.19516
176.287	0.19517
176.266	0.19516
176.244	0.19515
176.224	0.19514
176.205	0.19515
176.185	0.19514
176.161	0.19514
176.139	0.19513
176.119	0.19512
176.098	0.19511
176.077	0.19511
176.056	0.19509
176.035	0.19508
176.013	0.19507
175.99	0.19508
175.971	0.19507
175.95	0.19506
175.928	0.19506
175.907	0.19506
175.888	0.19505
175.871	0.19504
175.852	0.19503
175.834	0.19502
175.815	0.19503
175.798	0.19502
175.78	0.19501
175.764	0.19501
175.747	0.195
175.729	0.19499
175.71	0.19499
175.692	0.19499
175.675	0.19499
175.657	0.19496
175.639	0.19498
175.618	0.19496
175.6	0.19495
175.582	0.19494
175.564	0.19494
175.545	0.19494
175.526	0.19494
175.506	0.19492
175.483	0.19492
175.463	0.19492
175.439	0.19491
175.418	0.1949
175.398	0.1949
175.377	0.19489
175.357	0.19488
175.338	0.19488
175.317	0.19485
175.296	0.19487
175.277	0.19485
175.252	0.19485
175.228	0.19486
175.2	0.19485
175.177	0.19483
175.154	0.19482
175.131	0.19483
175.107	0.19482
175.087	0.19481
175.067	0.1948
175.049	0.1948
175.032	0.19479
175.011	0.19478
174.99	0.19477
174.968	0.19478
174.946	0.19478
174.923	0.19476
174.901	0.19476
174.879	0.19475
174.861	0.19475
174.84	0.19474
174.82	0.19473
174.797	0.19473
174.775	0.19473
174.757	0.19472
174.739	0.19473
174.723	0.19472
174.707	0.19469
174.692	0.1947
174.677	0.19468
174.661	0.19469
174.644	0.19467
174.629	0.19468
174.612	0.19467
174.595	0.19465
174.578	0.19466
174.558	0.19466
174.539	0.19462
174.518	0.19463
174.498	0.19464
174.475	0.19461
174.454	0.19461
174.432	0.19461
174.412	0.19461
174.393	0.19459
174.372	0.19459
174.352	0.19458
174.332	0.19458
174.314	0.19457
174.294	0.19457
174.277	0.19456
174.258	0.19457
174.238	0.19454
174.216	0.19454
174.194	0.19454
174.173	0.19453
174.154	0.19453
174.135	0.19452
174.114	0.19452
174.094	0.19451
174.074	0.19451
174.054	0.19449
174.034	0.1945
174.017	0.19448
174	0.19449
173.983	0.19447
173.966	0.19447
173.948	0.19446
173.923	0.19446
173.897	0.19445
173.873	0.19445
173.848	0.19444
173.825	0.19443
173.804	0.19442
173.786	0.19441
173.768	0.19442
173.752	0.19441
173.735	0.1944
173.712	0.19439
173.689	0.1944
173.667	0.19438
173.647	0.19439
173.625	0.19438
173.607	0.19437
173.587	0.19436
173.567	0.19434
173.546	0.19436
173.526	0.19434
173.505	0.19433
173.489	0.19433
173.471	0.19431
173.452	0.19432
173.432	0.19432
173.411	0.19431
173.394	0.19429
173.375	0.1943
173.354	0.19429
173.332	0.19428
173.31	0.19429
173.287	0.19428
173.267	0.19427
173.245	0.19426
173.225	0.19425
173.204	0.19426
173.184	0.19424
173.158	0.19425
173.134	0.19423
173.114	0.19423
173.094	0.19423
173.078	0.19421
173.058	0.1942
173.037	0.1942
173.016	0.19419
172.993	0.19418
172.968	0.19419
172.945	0.19418
172.924	0.19417
172.9	0.19417
172.881	0.19414
172.863	0.19415
172.848	0.19413
172.831	0.19413
172.815	0.19413
172.798	0.19412
172.778	0.19413
172.758	0.19412
172.74	0.1941
172.719	0.1941
172.695	0.1941
172.674	0.1941
172.652	0.1941
172.632	0.19407
172.612	0.19407
172.594	0.19407
172.576	0.19406
172.558	0.19405
172.538	0.19405
172.518	0.19403
172.499	0.19403
172.48	0.19403
172.457	0.19402
172.434	0.19402
172.416	0.19402
172.395	0.19401
172.376	0.194
172.357	0.19399
172.339	0.19399
172.321	0.19398
172.305	0.19397
172.287	0.19397
172.269	0.19396
172.245	0.19396
172.221	0.19395
172.2	0.19394
172.179	0.19394
172.161	0.19394
172.142	0.19392
172.124	0.19393
172.106	0.19393
172.088	0.19392
172.069	0.19392
172.051	0.1939
172.032	0.19389
172.015	0.19389
171.999	0.19388
171.978	0.1939
171.957	0.19387
171.932	0.19387
171.908	0.19386
171.884	0.19386
171.865	0.19385
171.845	0.19383
171.829	0.19383
171.81	0.19382
171.79	0.19381
171.772	0.19382
171.752	0.1938
171.73	0.1938
171.708	0.19378
171.689	0.19379
171.668	0.19377
171.648	0.19377
171.628	0.19377
171.611	0.19376
171.593	0.19376
171.575	0.19375
171.558	0.19374
171.535	0.19373
171.511	0.19373
171.489	0.19372
171.47	0.19372
171.45	0.19371
171.431	0.19372
171.411	0.19372
171.393	0.1937
171.373	0.1937
171.35	0.19368
171.324	0.19368
171.299	0.19367
171.275	0.19368
171.25	0.19367
171.228	0.19366
171.206	0.19365
171.187	0.19364
171.167	0.19365
171.148	0.19363
171.129	0.19363
171.111	0.19362
171.092	0.19362
171.071	0.1936
171.052	0.19359
171.028	0.19359
171.009	0.19359
170.987	0.19358
170.968	0.19358
170.947	0.19357
170.924	0.19355
170.897	0.19356
170.872	0.19355
170.849	0.19355
170.826	0.19354
170.805	0.19352
170.785	0.19353
170.765	0.19352
170.744	0.19353
170.724	0.19352
170.706	0.1935
170.69	0.1935
170.672	0.19348
170.654	0.19347
170.633	0.19348
170.612	0.19348
170.591	0.19347
170.569	0.19346
170.549	0.19345
170.528	0.19344
170.509	0.19344
170.488	0.19344
170.47	0.19343
170.45	0.19342
170.431	0.19342
170.411	0.1934
170.392	0.1934
170.366	0.19341
170.335	0.19339
170.308	0.19339
170.285	0.1934
170.262	0.19338
170.237	0.19337
170.216	0.19337
170.195	0.19335
170.173	0.19337
170.147	0.19335
170.118	0.19334
170.092	0.19332
170.068	0.19334
170.047	0.19332
170.028	0.19332
170.01	0.19331
169.989	0.19331
169.968	0.19331
169.943	0.1933
169.922	0.19329
169.903	0.19326
169.886	0.19328
169.869	0.19327
169.847	0.19326
169.823	0.19325
169.798	0.19324
169.779	0.19325
169.758	0.19324
169.739	0.19322
169.719	0.19321
169.7	0.19323
169.681	0.19321
169.66	0.19319
169.638	0.1932
169.615	0.19319
169.593	0.19318
169.572	0.19316
169.552	0.19318
169.528	0.19317
169.507	0.19315
169.487	0.19316
169.47	0.19314
169.451	0.19313
169.434	0.19314
169.414	0.19312
169.396	0.19313
169.378	0.19312
169.361	0.19311
169.344	0.1931
169.323	0.19311
169.301	0.1931
169.278	0.19309
169.251	0.19307
169.222	0.19308
169.196	0.19307
169.172	0.19307
169.152	0.19306
169.131	0.19306
169.107	0.19304
169.086	0.19304
169.06	0.19303
169.036	0.19302
169.013	0.19303
168.992	0.19301
168.971	0.193
168.954	0.19301
168.934	0.193
168.917	0.19298
168.896	0.19297
168.875	0.19297
168.853	0.19296
168.827	0.19296
168.806	0.19295
168.786	0.19295
168.767	0.19294
168.745	0.19292
168.725	0.19294
168.706	0.19293
168.685	0.19292
168.658	0.19292
168.637	0.19291
168.613	0.19291
168.588	0.19289
168.564	0.19289
168.54	0.1929
168.517	0.19288
168.495	0.19289
168.476	0.19286
168.455	0.19284
168.435	0.19285
168.412	0.19286
168.391	0.19284
168.366	0.19282
168.342	0.19282
168.318	0.1928
168.294	0.1928
168.271	0.19281
168.246	0.1928
168.224	0.1928
168.199	0.19279
168.178	0.19278
168.156	0.19277
168.134	0.19277
168.114	0.19277
168.089	0.19275
168.066	0.19275
168.044	0.19274
168.025	0.19273
168.007	0.19273
167.991	0.19273
167.972	0.19272
167.952	0.1927
167.929	0.19269
167.908	0.1927
167.885	0.19269
167.86	0.19266
167.833	0.19268
167.804	0.19268
167.78	0.19268
167.757	0.19265
167.737	0.19264
167.713	0.19265
167.688	0.19264
167.663	0.19262
167.637	0.19262
167.616	0.19261
167.595	0.19262
167.575	0.1926
167.55	0.1926
167.529	0.19256
167.507	0.19258
167.484	0.19258
167.457	0.19257
167.429	0.19258
167.399	0.19256
167.371	0.19256
167.348	0.19255
167.327	0.19254
167.308	0.19255
167.287	0.19254
167.265	0.19252
167.242	0.19252
167.223	0.19251
167.197	0.1925
167.169	0.1925
167.142	0.1925
167.118	0.19248
167.091	0.19247
167.065	0.19247
167.041	0.19247
167.019	0.19245
167.001	0.19246
166.983	0.19246
166.961	0.19245
166.939	0.19244
166.915	0.19242
166.887	0.19242
166.861	0.19241
166.84	0.19241
166.821	0.1924
166.803	0.1924
166.783	0.19238
166.764	0.19237
166.742	0.19236
166.719	0.19238
166.694	0.19239
166.668	0.19235
166.639	0.19234
166.616	0.19236
166.594	0.19233
166.571	0.19233
166.548	0.19232
166.519	0.19231
166.492	0.19231
166.465	0.19231
166.435	0.19228
166.405	0.1923
166.38	0.19229
166.356	0.19228
166.335	0.19229
166.314	0.19225
166.294	0.19226
166.277	0.19225
166.254	0.19224
166.235	0.19223
166.215	0.19223
166.193	0.19221
166.17	0.19221
166.149	0.19221
166.123	0.19222
166.097	0.19219
166.07	0.19219
166.044	0.19217
166.024	0.19217
166.004	0.19216
165.984	0.19215
165.961	0.19216
165.939	0.19215
165.915	0.19214
165.894	0.19213
165.872	0.19213
165.851	0.19212
165.828	0.19211
165.805	0.1921
165.785	0.19211
165.762	0.1921
165.737	0.1921
165.712	0.19208
165.689	0.19206
165.666	0.19207
165.646	0.19206
165.623	0.19205
165.6	0.19206
165.576	0.19205
165.549	0.19203
165.526	0.19202
165.503	0.19203
165.477	0.19202
165.441	0.19201
165.412	0.19201
165.384	0.19201
165.362	0.192
165.341	0.19198
165.318	0.19198
165.293	0.19196
165.267	0.19196
165.242	0.19197
165.215	0.19196
165.192	0.19196
165.169	0.19194
165.149	0.19193
165.128	0.19193
165.109	0.19193
165.088	0.19193
165.068	0.19191
165.042	0.19189
165.009	0.19189
164.976	0.19188
164.941	0.19188
164.915	0.19188
164.889	0.19185
164.863	0.19187
164.83	0.19185
164.804	0.19184
164.78	0.19185
164.753	0.19184
164.721	0.19184
164.694	0.19182
164.669	0.19181
164.644	0.19181
164.62	0.1918
164.594	0.19179
164.57	0.19179
164.545	0.19178
164.525	0.19177
164.502	0.19176
164.479	0.19175
164.445	0.19174
164.409	0.19175
164.379	0.19173
164.349	0.19173
164.326	0.19172
164.302	0.19171
164.279	0.1917
164.252	0.1917
164.224	0.1917
164.188	0.19169
164.157	0.19169
164.127	0.19167
164.094	0.19166
164.066	0.19166
164.039	0.19167
164.012	0.19166
163.985	0.19163
163.96	0.19163
163.934	0.19162
163.912	0.19162
163.885	0.19162
163.856	0.19161
163.825	0.1916
163.787	0.19159
163.751	0.19158
163.72	0.19158
163.694	0.19157
163.665	0.19158
163.638	0.19155
163.61	0.19156
163.587	0.19155
163.564	0.19155
163.542	0.19153
163.518	0.19152
163.493	0.19153
163.469	0.19151
163.444	0.1915
163.419	0.19151
163.391	0.1915
163.367	0.19148
163.34	0.19147
163.317	0.19148
163.295	0.19146
163.275	0.19145
163.251	0.19144
163.223	0.19144
163.195	0.19144
163.169	0.19141
163.147	0.19143
163.124	0.19141
163.099	0.1914
163.07	0.1914
163.045	0.19141
163.019	0.19139
162.994	0.19139
162.967	0.19138
162.94	0.19136
162.916	0.19135
162.883	0.19133
162.855	0.19134
162.826	0.19135
162.797	0.19134
162.769	0.19132
162.744	0.19131
162.719	0.19131
162.689	0.1913
162.657	0.19129
162.628	0.19128
162.599	0.19127
162.571	0.19127
162.548	0.19126
162.523	0.19126
162.5	0.19122
162.477	0.19125
162.455	0.19122
162.43	0.19123
162.4	0.19124
162.374	0.19122
162.348	0.19121
162.322	0.1912
162.299	0.19119
162.277	0.19119
162.25	0.19119
162.226	0.19116
162.202	0.19116
162.18	0.19115
162.157	0.19115
162.134	0.19113
162.101	0.19115
162.068	0.19113
162.041	0.19111
162.014	0.19111
161.989	0.19112
161.961	0.19111
161.937	0.1911
161.912	0.19109
161.889	0.19106
161.861	0.19106
161.833	0.19107
161.805	0.19105
161.775	0.19104
161.75	0.19104
161.727	0.19103
161.702	0.19104
161.672	0.19102
161.645	0.19102
161.614	0.191
161.591	0.191
161.563	0.19098
161.528	0.19099
161.491	0.19098
161.456	0.19097
161.43	0.19095
161.404	0.19095
161.379	0.19096
161.352	0.19094
161.329	0.19094
161.304	0.19093
161.278	0.19092
161.253	0.19092
161.231	0.19091
161.206	0.1909
161.182	0.19091
161.159	0.19088
161.135	0.19087
161.111	0.19087
161.082	0.19085
161.054	0.19085
161.026	0.19082
161.002	0.19084
160.978	0.19083
160.947	0.19081
160.909	0.19082
160.866	0.19079
160.835	0.1908
160.809	0.19081
160.782	0.19078
160.753	0.19077
160.724	0.19076
160.694	0.19077
160.67	0.19075
160.637	0.19073
160.6	0.19075
160.569	0.19074
160.535	0.19072
160.508	0.1907
160.482	0.19071
160.455	0.19072
160.425	0.19068
160.398	0.1907
160.371	0.19068
160.34	0.19067
160.315	0.19066
160.287	0.19066
160.256	0.19067
160.223	0.19065
160.195	0.19064
160.169	0.19064
160.14	0.19062
160.111	0.19062
160.085	0.1906
160.057	0.1906
160.027	0.19058
159.997	0.19058
159.967	0.19058
159.943	0.19055
159.916	0.19055
159.894	0.19056
159.872	0.19055
159.852	0.19054
159.829	0.19053
159.805	0.19051
159.777	0.19051
159.747	0.19051
159.722	0.19054
159.695	0.1905
159.671	0.1905
159.645	0.19049
159.618	0.19048
159.594	0.19046
159.573	0.19046
159.548	0.19045
159.519	0.19045
159.49	0.19043
159.458	0.19042
159.429	0.19044
159.402	0.19042
159.38	0.1904
159.358	0.19043
159.336	0.1904
159.311	0.19039
159.282	0.1904
159.255	0.19037
159.229	0.19038
159.205	0.19035
159.18	0.19036
159.158	0.19035
159.135	0.19035
159.11	0.19034
159.08	0.19031
159.05	0.19033
159.017	0.1903
158.986	0.19029
158.958	0.1903
158.927	0.19027
158.896	0.19027
158.863	0.19028
158.833	0.19027
158.804	0.19026
158.775	0.19026
158.744	0.19024
158.714	0.19022
158.682	0.19022
158.654	0.19022
158.629	0.19022
158.603	0.19022
158.582	0.1902
158.558	0.1902
158.534	0.19019
158.508	0.19017
158.483	0.19016
158.458	0.19016
158.432	0.19016
158.403	0.19015
158.374	0.19014
158.351	0.19015
158.324	0.19011
158.297	0.1901
158.266	0.19012
158.24	0.1901
158.215	0.19008
158.187	0.19008
158.155	0.19009
158.121	0.19007
158.087	0.19006
158.049	0.19007
158.022	0.19005
157.996	0.19003
157.971	0.19003
157.941	0.19001
157.915	0.19002
157.889	0.18999
157.863	0.19
157.828	0.18998
157.795	0.18998
157.763	0.18999
157.728	0.19
157.697	0.18996
157.667	0.18997
157.643	0.18995
157.621	0.18994
157.599	0.18993
157.57	0.18992
157.536	0.18991
157.5	0.18992
157.466	0.1899
157.435	0.1899
157.399	0.18988
157.366	0.18986
157.333	0.18988
157.305	0.18987
157.277	0.18985
157.254	0.18985
157.232	0.18984
157.21	0.18982
157.188	0.18983
157.163	0.18981
157.139	0.18981
157.115	0.18979
157.086	0.18979
157.048	0.18978
157.016	0.18978
156.984	0.18978
156.958	0.18976
156.93	0.18976
156.899	0.18976
156.869	0.18974
156.841	0.18974
156.816	0.18973
156.786	0.18972
156.759	0.18971
156.731	0.1897
156.702	0.18969
156.673	0.18969
156.644	0.18967
156.616	0.18966
156.587	0.18966
156.561	0.18965
156.531	0.18965
156.503	0.18964
156.472	0.18962
156.447	0.18963
156.417	0.18961
156.39	0.18961
156.358	0.18961
156.325	0.1896
156.291	0.1896
156.253	0.18957
156.213	0.18956
156.173	0.18956
156.139	0.18954
156.103	0.18955
156.07	0.18958
156.039	0.18951
156.014	0.18953
155.986	0.1895
155.959	0.18952
155.934	0.18951
155.899	0.18949
155.868	0.18947
155.84	0.18947
155.816	0.18949
155.79	0.18945
155.765	0.18945
155.737	0.18946
155.705	0.18945
155.669	0.18943
155.631	0.18942
155.603	0.18942
155.567	0.18941
155.535	0.1894
155.504	0.1894
155.478	0.18938
155.448	0.18938
155.414	0.18939
155.382	0.18937
155.35	0.18936
155.32	0.18934
155.289	0.18933
155.264	0.18934
155.24	0.18932
155.216	0.18933
155.188	0.18932
155.161	0.18931
155.132	0.18928
155.107	0.18928
155.082	0.18926
155.056	0.18928
155.025	0.18927
154.993	0.18926
154.966	0.18926
154.939	0.18924
154.908	0.18923
154.876	0.18922
154.842	0.18923
154.809	0.18921
154.776	0.18921
154.74	0.1892
154.71	0.18917
154.683	0.18919
154.651	0.18917
154.617	0.18917
154.583	0.18917
154.555	0.18916
154.522	0.18914
154.493	0.18912
154.458	0.18912
154.429	0.18911
154.396	0.1891
154.369	0.18908
154.339	0.18909
154.314	0.18907
154.29	0.18908
154.264	0.18906
154.235	0.18906
154.201	0.18905
154.166	0.18903
154.134	0.18904
154.105	0.18901
154.075	0.18902
154.049	0.18901
154.02	0.18901
153.993	0.189
153.964	0.18898
153.932	0.18897
153.903	0.18898
153.876	0.18897
153.854	0.18896
153.832	0.18893
153.811	0.18892
153.787	0.18892
153.757	0.18893
153.721	0.18892
153.686	0.18891
153.655	0.18891
153.624	0.18891
153.596	0.1889
153.567	0.18889
153.536	0.18888
153.502	0.18887
153.471	0.18885
153.436	0.18883
153.406	0.18883
153.378	0.18883
153.344	0.18882
153.309	0.18883
153.276	0.18882
153.245	0.18878
153.218	0.1888
153.193	0.18876
153.167	0.18878
153.141	0.18877
153.116	0.18876
153.087	0.18876
153.055	0.18875
153.028	0.18874
152.999	0.18871
152.963	0.18871
152.932	0.18872
152.899	0.1887
152.868	0.18871
152.833	0.1887
152.797	0.18868
152.758	0.1887
152.726	0.18866
152.699	0.18866
152.675	0.18864
152.651	0.18864
152.627	0.18862
152.597	0.18862
152.563	0.18861
152.527	0.18861
152.492	0.1886
152.46	0.18859
152.427	0.1886
152.393	0.18858
152.355	0.18858
152.319	0.18856
152.277	0.18856
152.244	0.18854
152.203	0.18854
152.16	0.18854
152.127	0.18852
152.098	0.18852
152.07	0.18851
152.04	0.1885
152.011	0.1885
151.981	0.18849
151.956	0.18848
151.924	0.18846
151.891	0.18845
151.857	0.18845
151.824	0.18843
151.791	0.18845
151.759	0.18843
151.731	0.18843
151.702	0.18841
151.676	0.18841
151.644	0.18839
151.611	0.18839
151.573	0.18838
151.538	0.18839
151.505	0.18836
151.475	0.18836
151.439	0.18835
151.41	0.18834
151.386	0.18833
151.356	0.18833
151.331	0.1883
151.305	0.18831
151.282	0.18831
151.258	0.18829
151.235	0.18829
151.21	0.18827
151.18	0.18829
151.15	0.18825
151.125	0.18824
151.095	0.18825
151.062	0.18823
151.033	0.18822
151.002	0.18821
150.97	0.18822
150.936	0.18819
150.906	0.1882
150.876	0.1882
150.849	0.18821
150.819	0.18818
150.788	0.18815
150.752	0.18817
150.715	0.18815
150.686	0.18815
150.658	0.18816
150.627	0.18813
150.592	0.18812
150.56	0.1881
150.525	0.1881
150.494	0.18809
150.458	0.18807
150.426	0.18807
150.392	0.18808
150.362	0.18806
150.325	0.18805
150.29	0.18806
150.258	0.18804
150.227	0.18801
150.2	0.18801
150.167	0.18801
150.132	0.18802
150.089	0.18801
150.051	0.18799
150.018	0.18799
149.992	0.18797
149.965	0.18796
149.939	0.18795
149.91	0.18796
149.88	0.18794
149.848	0.18793
149.815	0.18792
149.784	0.18792
149.753	0.18789
149.728	0.18791
149.7	0.18789
149.67	0.18789
149.641	0.18787
149.612	0.18786
149.578	0.18786
149.547	0.18785
149.52	0.18784
149.489	0.18784
149.461	0.18783
149.431	0.18781
149.404	0.18779
149.375	0.1878
149.344	0.18779
149.31	0.18779
149.276	0.18778
149.238	0.18777
149.205	0.18775
149.172	0.18774
149.142	0.18773
149.112	0.18773
149.082	0.18773
149.056	0.18771
149.031	0.18772
149.009	0.18772
148.98	0.1877
148.945	0.18769
148.904	0.18767
148.872	0.18768
148.843	0.18766
148.811	0.18766
148.776	0.18764
148.738	0.18764
148.698	0.18764
148.661	0.18761
148.633	0.18758
148.595	0.1876
148.559	0.18762
148.528	0.18759
148.504	0.18759
148.474	0.18758
148.442	0.18757
148.411	0.18758
148.379	0.18757
148.352	0.18755
148.317	0.18754
148.283	0.18754
148.246	0.18752
148.21	0.18751
148.173	0.18749
148.145	0.18751
148.119	0.18748
148.094	0.18748
148.068	0.18747
148.04	0.18746
148.013	0.18746
147.988	0.18746
147.962	0.18747
147.929	0.18744
147.893	0.18741
147.86	0.18741
147.831	0.18742
147.797	0.1874
147.765	0.18739
147.733	0.18739
147.696	0.18737
147.661	0.18739
147.63	0.18737
147.593	0.18735
147.551	0.18735
147.518	0.18735
147.484	0.18733
147.452	0.18731
147.422	0.18732
147.395	0.18729
147.37	0.1873
147.339	0.1873
147.309	0.18727
147.28	0.18729
147.257	0.18727
147.231	0.18726
147.202	0.18723
147.17	0.18724
147.143	0.18723
147.114	0.18721
147.089	0.18722
147.062	0.18719
147.036	0.1872
147.01	0.1872
146.975	0.18717
146.94	0.18717
146.9	0.18718
146.864	0.18716
146.817	0.18715
146.778	0.18715
146.745	0.18714
146.716	0.18711
146.69	0.18711
146.661	0.18711
146.623	0.1871
146.578	0.18709
146.536	0.18708
146.492	0.18707
146.457	0.18707
146.421	0.18703
146.385	0.18705
146.351	0.18705
146.323	0.18702
146.294	0.18703
146.27	0.18701
146.244	0.18701
146.214	0.18701
146.189	0.187
146.164	0.18699
146.141	0.18697
146.116	0.18698
146.091	0.18697
146.066	0.18697
146.041	0.18695
146.005	0.18694
145.97	0.18692
145.935	0.18692
145.9	0.18692
145.866	0.18691
145.833	0.18691
145.8	0.1869
145.762	0.18688
145.724	0.18689
145.688	0.18687
145.661	0.18686
145.631	0.18685
145.602	0.18685
145.568	0.18684
145.534	0.18684
145.504	0.18681
145.472	0.18681
145.442	0.18681
145.411	0.18678
145.387	0.18677
145.362	0.18678
145.338	0.18675
145.311	0.18675
145.285	0.18675
145.256	0.18676
145.227	0.18674
145.192	0.18671
145.15	0.18673
145.111	0.18671
145.071	0.1867
145.035	0.18668
144.996	0.18668
144.962	0.18668
144.932	0.18669
144.905	0.18666
144.873	0.18665
144.843	0.18665
144.809	0.18665
144.775	0.18662
144.742	0.18662
144.709	0.18661
144.681	0.1866
144.652	0.1866
144.623	0.1866
144.59	0.18659
144.56	0.18657
144.522	0.18657
144.487	0.18658
144.444	0.18655
144.407	0.18654
144.371	0.18654
144.34	0.18653
144.308	0.18654
144.27	0.18652
144.234	0.18651
144.198	0.18649
144.163	0.18649
144.129	0.18649
144.1	0.18648
144.068	0.18647
144.032	0.18644
144.002	0.18643
143.973	0.18644
143.945	0.18643
143.907	0.18641
143.868	0.18642
143.829	0.1864
143.796	0.18639
143.76	0.18638
143.725	0.18638
143.69	0.18637
143.658	0.18636
143.629	0.18636
143.6	0.18633
143.573	0.18633
143.542	0.18633
143.508	0.1863
143.476	0.18632
143.448	0.18633
143.417	0.18632
143.387	0.18629
143.352	0.18628
143.322	0.18628
143.288	0.18627
143.249	0.18627
143.213	0.18624
143.177	0.18623
143.145	0.18623
143.115	0.18623
143.086	0.18621
143.052	0.1862
143.018	0.1862
142.98	0.1862
142.946	0.18619
142.912	0.18618
142.878	0.18617
142.847	0.18616
142.82	0.18615
142.794	0.18616
142.764	0.18614
142.734	0.18613
142.704	0.18612
142.677	0.18611
142.651	0.18612
142.622	0.18611
142.589	0.18609
142.55	0.18608
142.512	0.18607
142.468	0.18607
142.43	0.18606
142.391	0.18606
142.357	0.18603
142.325	0.18604
142.295	0.18602
142.262	0.18602
142.228	0.18602
142.19	0.18599
142.159	0.18599
142.123	0.18598
142.088	0.18599
142.063	0.18597
142.037	0.18596
142.01	0.18595
141.982	0.18594
141.952	0.18592
141.916	0.18596
141.886	0.18592
141.856	0.18591
141.83	0.18591
141.802	0.18589
141.764	0.18589
141.729	0.1859
141.691	0.18588
141.656	0.18588
141.617	0.18584
141.58	0.18586
141.543	0.18584
141.508	0.18585
141.469	0.18581
141.43	0.18582
141.391	0.18583
141.359	0.18581
141.334	0.18577
141.305	0.18579
141.276	0.18577
141.245	0.18576
141.208	0.18578
141.161	0.18574
141.122	0.18574
141.086	0.18575
141.055	0.18575
141.018	0.18573
140.981	0.18571
140.947	0.1857
140.907	0.18568
140.87	0.18568
140.833	0.18568
140.797	0.18566
140.76	0.18566
140.724	0.18566
140.688	0.18564
140.65	0.18563
140.61	0.18562
140.576	0.18563
140.543	0.18561
140.513	0.18561
140.477	0.18559
140.436	0.18558
140.4	0.18558
140.361	0.18555
140.322	0.18556
140.288	0.18556
140.257	0.18554
140.217	0.18553
140.176	0.18553
140.143	0.18552
140.112	0.18551
140.081	0.18551
140.046	0.1855
140.018	0.18549
139.99	0.18548
139.964	0.18548
139.938	0.1855
139.902	0.18546
139.866	0.18546
139.833	0.18545
139.798	0.18544
139.767	0.18542
139.736	0.18543
139.7	0.18542
139.664	0.1854
139.626	0.18538
139.589	0.18538
139.552	0.18538
139.519	0.18537
139.478	0.18535
139.443	0.18536
139.408	0.18534
139.379	0.18535
139.348	0.18531
139.32	0.18532
139.296	0.18532
139.266	0.18531
139.232	0.1853
139.194	0.18531
139.156	0.18526
139.111	0.18527
139.077	0.18527
139.045	0.18526
139.017	0.18526
138.985	0.18524
138.956	0.18523
138.929	0.18522
138.899	0.18523
138.866	0.18522
138.83	0.18519
138.792	0.18521
138.753	0.18519
138.717	0.18519
138.68	0.18517
138.643	0.18517
138.611	0.18516
138.581	0.18516
138.552	0.18514
138.52	0.18512
138.488	0.18512
138.453	0.18512
138.415	0.18511
138.38	0.1851
138.35	0.18508
138.319	0.18509
138.293	0.18508
138.263	0.18507
138.23	0.18504
138.198	0.18506
138.171	0.18503
138.143	0.18502
138.111	0.18502
138.075	0.185
138.032	0.18501
137.989	0.18499
137.952	0.18499
137.921	0.18498
137.892	0.18497
137.849	0.18496
137.81	0.18494
137.766	0.18497
137.72	0.18494
137.675	0.18492
137.643	0.18492
137.612	0.1849
137.582	0.18491
137.545	0.1849
137.512	0.1849
137.473	0.18488
137.434	0.18488
137.403	0.18487
137.371	0.18486
137.337	0.18484
137.305	0.18486
137.278	0.18484
137.242	0.18484
137.207	0.18482
137.175	0.18482
137.145	0.18482
137.118	0.18479
137.093	0.18478
137.068	0.18477
137.04	0.18477
137.011	0.18476
136.978	0.18475
136.95	0.18474
136.919	0.18476
136.887	0.18476
136.849	0.18474
136.814	0.18472
136.776	0.18471
136.74	0.1847
136.697	0.18469
136.66	0.18468
136.623	0.18469
136.581	0.18467
136.543	0.18467
136.508	0.18465
136.476	0.18464
136.445	0.18463
136.418	0.18463
136.383	0.18462
136.348	0.18462
136.312	0.18461
136.272	0.18461
136.231	0.18459
136.19	0.18457
136.155	0.18456
136.121	0.18457
136.088	0.18455
136.051	0.18454
136.019	0.18453
135.99	0.18453
135.964	0.18453
135.934	0.18453
135.904	0.18451
135.874	0.18451
135.845	0.18448
135.819	0.1845
135.781	0.18449
135.744	0.18447
135.706	0.18447
135.674	0.18446
135.641	0.18444
135.608	0.18442
135.57	0.18444
135.536	0.18443
135.502	0.1844
135.473	0.18442
135.448	0.18439
135.416	0.18439
135.378	0.18437
135.34	0.18435
135.303	0.18437
135.27	0.18437
135.242	0.18434
135.214	0.18435
135.187	0.18434
135.155	0.18433
135.121	0.18432
135.086	0.1843
135.05	0.1843
135.012	0.18431
134.969	0.18427
134.937	0.18429
134.904	0.18428
134.868	0.18427
134.828	0.18427
134.796	0.18425
134.766	0.18423
134.739	0.18423
134.711	0.18422
134.68	0.18421
134.647	0.18421
134.605	0.1842
134.565	0.18419
134.525	0.18418
134.493	0.18417
134.457	0.18418
134.421	0.18413
134.378	0.18415
134.342	0.18415
134.305	0.18414
134.258	0.18412
134.223	0.18414
134.192	0.18411
134.159	0.18411
134.126	0.18411
134.093	0.18409
134.062	0.18408
134.032	0.18407
133.995	0.18405
133.961	0.18406
133.926	0.18405
133.892	0.18403
133.865	0.18403
133.835	0.18402
133.8	0.18402
133.755	0.184
133.715	0.18399
133.676	0.18399
133.644	0.18399
133.613	0.18397
133.579	0.18395
133.54	0.18396
133.502	0.18393
133.467	0.18395
133.434	0.18393
133.403	0.18393
133.374	0.18391
133.348	0.18391
133.321	0.1839
133.295	0.1839
133.266	0.18388
133.233	0.18388
133.196	0.18388
133.157	0.18385
133.12	0.18385
133.083	0.18386
133.051	0.18384
133.018	0.18385
132.986	0.18383
132.95	0.18382
132.918	0.18382
132.885	0.1838
132.852	0.18379
132.816	0.18377
132.781	0.18376
132.744	0.18378
132.706	0.18375
132.668	0.18376
132.627	0.18374
132.591	0.18373
132.553	0.18372
132.518	0.18371
132.484	0.18371
132.453	0.1837
132.424	0.18371
132.397	0.18369
132.371	0.18368
132.34	0.18367
132.309	0.18367
132.274	0.18365
132.241	0.18365
132.208	0.18364
132.179	0.18363
132.143	0.18361
132.113	0.1836
132.087	0.18361
132.064	0.1836
132.035	0.18358
132.006	0.18359
131.979	0.18357
131.945	0.18358
131.909	0.18357
131.865	0.18357
131.828	0.18355
131.788	0.18353
131.75	0.18352
131.708	0.18353
131.674	0.18352
131.637	0.18349
131.602	0.1835
131.57	0.18348
131.533	0.18348
131.5	0.18347
131.468	0.18347
131.435	0.18344
131.401	0.18345
131.368	0.18345
131.329	0.18345
131.297	0.18343
131.264	0.18342
131.226	0.1834
131.195	0.18341
131.168	0.18342
131.144	0.18339
131.118	0.18338
131.09	0.18337
131.055	0.18335
131.021	0.18336
130.983	0.18334
130.942	0.18333
130.897	0.18332
130.853	0.18333
130.815	0.18331
130.777	0.1833
130.742	0.1833
130.698	0.18329
130.66	0.18328
130.625	0.18328
130.595	0.18326
130.562	0.18326
130.523	0.18326
130.486	0.18324
130.447	0.18324
130.41	0.18323
130.372	0.18322
130.336	0.18322
130.298	0.1832
130.265	0.1832
130.234	0.1832
130.202	0.18319
130.165	0.18318
130.136	0.18316
130.1	0.18315
130.062	0.18316
130.025	0.18315
129.993	0.18314
129.967	0.18314
129.933	0.18313
129.893	0.18311
129.851	0.18311
129.812	0.18309
129.772	0.18308
129.742	0.1831
129.715	0.18308
129.689	0.18306
129.664	0.18306
129.628	0.18304
129.593	0.18304
129.556	0.18304
129.518	0.18302
129.477	0.18301
129.444	0.18301
129.411	0.18299
129.38	0.18301
129.349	0.18297
129.315	0.18298
129.285	0.18295
129.248	0.18298
129.213	0.18295
129.175	0.18294
129.14	0.18291
129.104	0.18293
129.061	0.18292
129.018	0.1829
128.976	0.18291
128.942	0.18289
128.91	0.1829
128.879	0.18288
128.847	0.18289
128.815	0.18287
128.783	0.18286
128.755	0.18285
128.725	0.18284
128.692	0.18284
128.655	0.18282
128.625	0.18283
128.593	0.18281
128.559	0.18282
128.525	0.18281
128.492	0.1828
128.462	0.18279
128.421	0.18278
128.383	0.18276
128.348	0.18276
128.312	0.18276
128.283	0.18275
128.258	0.18272
128.231	0.18274
128.193	0.18271
128.162	0.18272
128.133	0.18271
128.107	0.18269
128.073	0.1827
128.033	0.18268
127.998	0.18268
127.969	0.18265
127.94	0.18266
127.912	0.18266
127.885	0.18265
127.857	0.18264
127.827	0.18262
127.792	0.18262
127.764	0.18263
127.735	0.1826
127.708	0.1826
127.679	0.1826
127.652	0.18258
127.622	0.18257
127.586	0.18258
127.545	0.18256
127.507	0.18255
127.472	0.18253
127.439	0.18253
127.408	0.18252
127.374	0.18252
127.343	0.18251
127.306	0.18249
127.264	0.1825
127.227	0.18249
127.184	0.18245
127.146	0.18245
127.109	0.18246
127.076	0.18243
127.041	0.18244
127.01	0.18243
126.978	0.18241
126.952	0.18242
126.921	0.1824
126.885	0.18239
126.857	0.18239
126.827	0.18237
126.795	0.18238
126.755	0.18237
126.716	0.18235
126.675	0.18235
126.641	0.18237
126.604	0.18232
126.568	0.18233
126.518	0.18232
126.476	0.18233
126.435	0.18232
126.4	0.18231
126.361	0.18229
126.332	0.18228
126.305	0.18227
126.279	0.18227
126.251	0.18226
126.219	0.18225
126.196	0.18226
126.168	0.18225
126.136	0.18223
126.101	0.18225
126.064	0.18221
126.026	0.18222
125.987	0.18221
125.95	0.18221
125.91	0.18219
125.871	0.18218
125.829	0.18218
125.795	0.18217
125.762	0.18215
125.727	0.18215
125.686	0.18214
125.645	0.18213
125.606	0.18213
125.57	0.18213
125.534	0.18211
125.491	0.1821
125.454	0.18209
125.416	0.18208
125.382	0.18208
125.35	0.18208
125.326	0.18207
125.302	0.18206
125.266	0.18206
125.225	0.18204
125.185	0.18203
125.155	0.18202
125.123	0.18203
125.086	0.18202
125.044	0.182
125.011	0.182
124.977	0.18198
124.944	0.18199
124.915	0.18199
124.887	0.18199
124.852	0.18196
124.824	0.18196
124.8	0.18195
124.773	0.18195
124.748	0.18194
124.714	0.18192
124.683	0.18192
124.649	0.18192
124.616	0.18192
124.575	0.18189
124.54	0.18187
124.507	0.18187
124.474	0.18187
124.448	0.18187
124.418	0.18185
124.386	0.18185
124.35	0.18184
124.319	0.18182
124.283	0.18182
124.251	0.18182
124.214	0.18181
124.178	0.1818
124.145	0.18179
124.113	0.18179
124.077	0.18178
124.043	0.18177
124.009	0.18177
123.97	0.18174
123.926	0.18174
123.889	0.18172
123.858	0.18175
123.823	0.18172
123.794	0.18173
123.755	0.18172
123.711	0.1817
123.665	0.18171
123.621	0.18169
123.587	0.18167
123.549	0.18166
123.51	0.18166
123.463	0.18165
123.425	0.18164
123.387	0.18166
123.359	0.18164
123.328	0.18163
123.299	0.18161
123.268	0.18161
123.234	0.1816
123.204	0.1816
123.174	0.18159
123.145	0.18158
123.109	0.18156
123.073	0.18157
123.04	0.18157
123.014	0.18155
122.987	0.18156
122.961	0.18153
122.925	0.18154
122.889	0.18152
122.851	0.18153
122.804	0.18152
122.768	0.18148
122.731	0.18149
122.703	0.18149
122.672	0.18148
122.643	0.18148
122.61	0.18146
122.58	0.18146
122.551	0.18144
122.524	0.18144
122.498	0.18144
122.462	0.18141
122.426	0.18141
122.395	0.18139
122.364	0.18139
122.32	0.1814
122.279	0.18138
122.242	0.18138
122.208	0.18137
122.172	0.18135
122.134	0.18136
122.088	0.18134
122.049	0.18134
122.009	0.18133
121.966	0.18133
121.929	0.18131
121.893	0.18131
121.862	0.1813
121.828	0.18129
121.797	0.18129
121.765	0.18129
121.729	0.18128
121.7	0.18126
121.664	0.18126
121.631	0.18124
121.601	0.18123
121.571	0.18125
121.532	0.18124
121.498	0.18124
121.461	0.18121
121.428	0.18121
121.395	0.18119
121.356	0.1812
121.323	0.18119
121.29	0.18118
121.261	0.18117
121.234	0.18115
121.206	0.18117
121.176	0.18115
121.15	0.18113
121.12	0.18114
121.093	0.18112
121.065	0.18111
121.031	0.18111
121.001	0.18111
120.959	0.18111
120.917	0.1811
120.871	0.18107
120.834	0.18107
120.802	0.18107
120.773	0.18105
120.742	0.18106
120.712	0.18104
120.673	0.18104
120.635	0.18104
120.601	0.181
120.567	0.18101
120.539	0.181
120.5	0.18099
120.466	0.18099
120.432	0.18099
120.405	0.18097
120.377	0.18098
120.347	0.18096
120.313	0.18096
120.275	0.18095
120.236	0.18093
120.194	0.18092
120.163	0.18092
120.126	0.18094
120.095	0.18091
120.063	0.18091
120.034	0.1809
120.007	0.1809
119.984	0.1809
119.958	0.18088
119.934	0.18086
119.903	0.18088
119.875	0.18085
119.844	0.18085
119.804	0.18085
119.766	0.18084
119.725	0.18083
119.689	0.18082
119.654	0.18081
119.627	0.1808
119.598	0.18079
119.571	0.1808
119.541	0.18079
119.504	0.18078
119.466	0.18076
119.43	0.18076
119.4	0.18075
119.366	0.18074
119.326	0.18074
119.287	0.18072
119.251	0.18074
119.215	0.18072
119.183	0.18071
119.153	0.1807
119.123	0.18069
119.097	0.18068
119.069	0.18068
119.043	0.18068
119.006	0.18068
118.965	0.18065
118.927	0.18066
118.895	0.18064
118.855	0.18064
118.821	0.18062
118.787	0.18062
118.751	0.1806
118.716	0.18062
118.678	0.18061
118.637	0.18058
118.599	0.18058
118.564	0.18057
118.522	0.18056
118.486	0.18055
118.444	0.18055
118.413	0.18055
118.387	0.18053
118.363	0.18054
118.335	0.18052
118.304	0.18052
118.273	0.18051
118.235	0.18051
118.199	0.18048
118.162	0.18051
118.129	0.18048
118.092	0.18047
118.047	0.18047
118.008	0.18048
117.97	0.18046
117.936	0.18045
117.903	0.18044
117.874	0.18044
117.839	0.18044
117.807	0.18043
117.775	0.18043
117.745	0.18041
117.709	0.18039
117.67	0.18038
117.63	0.18039
117.59	0.18037
117.56	0.18037
117.53	0.18036
117.499	0.18036
117.469	0.18035
117.448	0.18034
117.415	0.18034
117.382	0.18034
117.344	0.18033
117.312	0.18032
117.282	0.18031
117.253	0.18031
117.221	0.1803
117.185	0.18029
117.148	0.18027
117.107	0.18027
117.07	0.18026
117.03	0.18026
116.992	0.18026
116.949	0.18025
116.907	0.18025
116.873	0.18024
116.838	0.18021
116.802	0.18021
116.768	0.1802
116.739	0.18021
116.708	0.18019
116.673	0.18018
116.638	0.18018
116.606	0.18017
116.565	0.18018
116.527	0.18016
116.49	0.18015
116.452	0.18013
116.421	0.18014
116.386	0.18013
116.353	0.18012
116.316	0.18011
116.281	0.1801
116.248	0.1801
116.206	0.18008
116.176	0.18008
116.15	0.18007
116.121	0.18006
116.088	0.18006
116.058	0.18005
116.025	0.18003
115.993	0.18005
115.96	0.18004
115.925	0.18002
115.883	0.18001
115.847	0.18001
115.81	0.18
115.775	0.18002
115.737	0.18001
115.699	0.17999
115.667	0.17999
115.631	0.17998
115.597	0.17997
115.563	0.17995
115.533	0.17997
115.499	0.17994
115.463	0.17996
115.419	0.17993
115.377	0.17994
115.337	0.1799
115.301	0.17991
115.267	0.1799
115.236	0.17989
115.2	0.17989
115.159	0.17987
115.121	0.17988
115.081	0.17987
115.043	0.17987
115.006	0.17984
114.976	0.17982
114.947	0.17983
114.917	0.17981
114.89	0.17982
114.861	0.17981
114.83	0.1798
114.79	0.1798
114.756	0.17979
114.718	0.17977
114.684	0.17979
114.653	0.17976
114.626	0.17977
114.6	0.17976
114.567	0.17976
114.532	0.17973
114.491	0.17973
114.451	0.17973
114.415	0.17972
114.386	0.17972
114.353	0.17972
114.312	0.17971
114.276	0.17969
114.247	0.17969
114.216	0.17968
114.178	0.17967
114.143	0.17969
114.111	0.17968
114.077	0.17967
114.041	0.17966
114.009	0.17963
113.978	0.17964
113.946	0.17963
113.911	0.17962
113.874	0.17962
113.836	0.17961
113.795	0.17961
113.762	0.1796
113.729	0.17958
113.7	0.17959
113.666	0.17958
113.629	0.17957
113.595	0.17956
113.562	0.17955
113.536	0.17953
113.51	0.17953
113.481	0.17952
113.442	0.17952
113.412	0.17951
113.382	0.17951
113.354	0.17951
113.326	0.17951
113.302	0.17949
113.274	0.17946
113.241	0.17948
113.204	0.17946
113.16	0.17946
113.114	0.17945
113.07	0.17944
113.036	0.17944
112.998	0.17943
112.964	0.17943
112.933	0.17942
112.902	0.17941
112.866	0.17941
112.839	0.17941
112.817	0.17938
112.793	0.1794
112.769	0.17937
112.735	0.17937
112.695	0.17936
112.652	0.17936
112.621	0.17934
112.585	0.17934
112.546	0.17932
112.502	0.17932
112.459	0.17932
112.414	0.17931
112.38	0.17931
112.354	0.17929
112.322	0.17929
112.293	0.17928
112.262	0.17927
112.233	0.17927
112.2	0.17926
112.164	0.17925
112.125	0.17923
112.091	0.17925
112.056	0.17924
112.024	0.17924
111.995	0.17924
111.953	0.17921
111.913	0.17921
111.874	0.1792
111.844	0.17919
111.812	0.17919
111.781	0.17918
111.75	0.17917
111.718	0.17915
111.684	0.17915
111.643	0.17914
111.603	0.17914
111.567	0.17913
111.536	0.17913
111.504	0.17912
111.477	0.17912
111.442	0.1791
111.411	0.17911
111.381	0.17909
111.346	0.17909
111.314	0.17908
111.278	0.17909
111.245	0.17907
111.213	0.17906
111.182	0.17905
111.152	0.17905
111.124	0.17904
111.097	0.17904
111.062	0.17904
111.02	0.17903
110.979	0.17902
110.946	0.17901
110.911	0.179
110.879	0.17899
110.845	0.17899
110.809	0.17899
110.769	0.17898
110.73	0.17898
110.691	0.17896
110.648	0.17895
110.609	0.17894
110.566	0.17895
110.529	0.17895
110.493	0.17892
110.458	0.17893
110.418	0.17892
110.387	0.17891
110.352	0.1789
110.321	0.1789
110.281	0.17889
110.249	0.17888
110.222	0.1789
110.191	0.17887
110.162	0.17886
110.126	0.17886
110.091	0.17885
110.058	0.17885
110.029	0.17883
109.997	0.17883
109.968	0.17881
109.934	0.17881
109.895	0.1788
109.865	0.1788
109.834	0.17879
109.801	0.17878
109.765	0.17877
109.73	0.17877
109.693	0.17877
109.661	0.17875
109.628	0.17874
109.595	0.17874
109.565	0.17873
109.534	0.17873
109.508	0.17872
109.474	0.17872
109.442	0.17872
109.409	0.17871
109.38	0.17869
109.342	0.1787
109.305	0.1787
109.27	0.17867
109.232	0.17866
109.199	0.17866
109.162	0.17865
109.133	0.17865
109.106	0.17865
109.079	0.17866
109.046	0.17864
109.016	0.17863
108.976	0.17862
108.93	0.17861
108.887	0.17861
108.845	0.1786
108.813	0.1786
108.777	0.17859
108.737	0.17858
108.701	0.17858
108.67	0.17858
108.641	0.17857
108.61	0.17855
108.579	0.17855
108.539	0.17853
108.505	0.17854
108.469	0.17852
108.433	0.17853
108.399	0.1785
108.37	0.1785
108.331	0.17849
108.293	0.17849
108.253	0.17848
108.209	0.17848
108.17	0.17845
108.134	0.17846
108.102	0.17845
108.067	0.17846
108.033	0.17844
108.001	0.17843
107.972	0.17842
107.933	0.17842
107.888	0.17841
107.848	0.1784
107.814	0.1784
107.785	0.17839
107.748	0.17839
107.707	0.17837
107.664	0.17838
107.629	0.17837
107.595	0.17836
107.564	0.17835
107.523	0.17833
107.485	0.17834
107.446	0.17832
107.41	0.17833
107.382	0.17832
107.351	0.1783
107.322	0.17831
107.294	0.1783
107.261	0.17832
107.221	0.17828
107.183	0.17828
107.15	0.17827
107.111	0.17826
107.074	0.17825
107.038	0.17826
107.009	0.17824
106.977	0.17823
106.952	0.17824
106.921	0.17821
106.888	0.17823
106.853	0.17822
106.816	0.1782
106.784	0.1782
106.751	0.1782
106.722	0.17819
106.691	0.17818
106.663	0.17818
106.627	0.17817
106.59	0.17815
106.554	0.17817
106.522	0.17814
106.492	0.17814
106.462	0.17814
106.434	0.17811
106.4	0.17813
106.367	0.17811
106.336	0.17809
106.302	0.1781
106.262	0.17809
106.229	0.17809
106.193	0.17809
106.154	0.17808
106.115	0.17805
106.077	0.17806
106.046	0.17806
106.016	0.17805
105.985	0.17804
105.95	0.17803
105.918	0.17803
105.882	0.17801
105.849	0.178
105.81	0.17802
105.769	0.178
105.729	0.17799
105.687	0.178
105.65	0.17798
105.613	0.17798
105.577	0.17796
105.538	0.17795
105.504	0.17797
105.468	0.17796
105.436	0.17795
105.405	0.17794
105.375	0.17794
105.345	0.17792
105.312	0.17791
105.282	0.17791
105.244	0.1779
105.208	0.17788
105.164	0.17789
105.13	0.17788
105.098	0.17788
105.069	0.17785
105.037	0.17787
104.999	0.17786
104.967	0.17786
104.938	0.17783
104.909	0.17783
104.881	0.17783
104.848	0.17783
104.811	0.17782
104.773	0.17781
104.732	0.1778
104.688	0.1778
104.649	0.17779
104.611	0.17776
104.576	0.17777
104.543	0.17776
104.509	0.17776
104.47	0.17775
104.437	0.17774
104.406	0.17773
104.371	0.17773
104.325	0.17773
104.282	0.17772
104.248	0.17773
104.216	0.17769
104.186	0.17771
104.155	0.1777
104.126	0.1777
104.093	0.17768
104.061	0.17767
104.021	0.17767
103.984	0.17766
103.952	0.17766
103.922	0.17766
103.897	0.17765
103.86	0.17764
103.821	0.17763
103.783	0.17762
103.751	0.17763
103.716	0.17763
103.677	0.17761
103.64	0.1776
103.603	0.17761
103.565	0.1776
103.53	0.17758
103.497	0.17758
103.465	0.17757
103.436	0.17756
103.409	0.17754
103.385	0.17755
103.351	0.17755
103.318	0.17754
103.289	0.17754
103.263	0.17753
103.231	0.17752
103.201	0.17751
103.172	0.17751
103.138	0.1775
103.107	0.1775
103.068	0.1775
103.033	0.17748
102.999	0.17748
102.966	0.17747
102.93	0.17747
102.897	0.17745
102.865	0.17745
102.822	0.17746
102.782	0.17742
102.744	0.17742
102.714	0.17742
102.683	0.17742
102.655	0.17741
102.618	0.17739
102.584	0.17739
102.552	0.17737
102.524	0.17738
102.489	0.17737
102.451	0.17737
102.415	0.17735
102.377	0.17734
102.339	0.17734
102.306	0.17734
102.275	0.17733
102.241	0.17732
102.208	0.17732
102.174	0.17731
102.144	0.17731
102.103	0.17729
102.061	0.17729
102.022	0.17729
101.988	0.17727
101.959	0.17727
101.929	0.17725
101.899	0.17725
101.868	0.17725
101.838	0.17725
101.798	0.17725
101.763	0.17724
101.727	0.17724
101.693	0.17722
101.655	0.17722
101.616	0.17722
101.581	0.17721
101.546	0.17721
101.517	0.17719
101.481	0.17719
101.444	0.17718
101.401	0.17718
101.364	0.17717
101.323	0.17716
101.28	0.17716
101.235	0.17714
101.195	0.17714
101.154	0.17714
101.118	0.17713
101.088	0.17712
101.056	0.17711
101.024	0.1771
100.99	0.17709
100.961	0.17709
100.933	0.17708
100.901	0.17708
100.863	0.17707
100.831	0.17707
100.799	0.17706
100.759	0.17706
100.716	0.17705
100.678	0.17704
100.64	0.17703
100.6	0.17703
100.567	0.17703
100.526	0.17702
100.485	0.17701
100.444	0.177
100.414	0.17699
100.385	0.17699
100.352	0.17697
100.317	0.17698
100.278	0.17696
100.237	0.17696
100.202	0.17696
100.168	0.17696
100.126	0.17694
100.092	0.17694
100.054	0.17692
100.019	0.17693
99.984	0.17692
99.953	0.17692
99.919	0.17691
99.884	0.1769
99.851	0.17691
99.812	0.17688
99.777	0.17689
99.744	0.17688
99.719	0.17688
99.687	0.17687
99.652	0.17686
99.618	0.17684
99.59	0.17684
99.56	0.17684
99.527	0.17682
99.494	0.17682
99.462	0.17681
99.432	0.17681
99.394	0.17681
99.358	0.1768
99.323	0.17679
99.289	0.17679
99.258	0.17679
99.225	0.17676
99.19	0.17677
99.15	0.17677
99.106	0.17676
99.065	0.17675
99.025	0.17673
98.986	0.17673
98.945	0.17673
98.899	0.17672
98.858	0.17671
98.811	0.17671
98.773	0.17669
98.738	0.1767
98.701	0.17669
98.656	0.17669
98.611	0.17669
98.571	0.17666
98.535	0.17667
98.499	0.17666
98.461	0.17666
98.432	0.17664