279.059	0.1909856
272.159	0.1881328
268.763	0.1868726
264.011	0.1852245
261.877	0.1845192
257.623	0.1831464
254.923	0.1823073
250.589	0.1809848
249.658	0.1807075
246.443	0.1797776
244.054	0.1791044
241.483	0.1783817
240.514	0.1781146
238.373	0.1775436
237.099	0.1771668
234.695	0.1765288
234.249	0.1764035
232.186	0.1758691
231.287	0.1756052
229.971	0.1752363
229.413	0.1750925
228.306	0.1747785
227.347	0.174529
226.278	0.174235
225.926	0.1741381
224.873	0.1738522
224.25	0.1736688
223.495	0.1734704
223.075	0.1733638
222.47	0.1731847
222.033	0.1730703
221.259	0.1728437
221.196	0.1728137
220.453	0.1726155
220.12	0.1725301
219.637	0.1723814
219.35	0.1723018
218.881	0.1721666
218.499	0.1720597
218.007	0.1719281
217.867	0.1718897
217.408	0.1717593
217.083	0.1716747
216.711	0.1715599
216.541	0.1715233
216.148	0.1714036
215.886	0.1713225
215.434	0.1712057
215.374	0.1711641
214.908	0.171033
214.685	0.1709757
214.383	0.1708709
214.232	0.1708234
213.194	0.1707348
212.216	0.1706188
211.205	0.1704743
210.976	0.1704353
210.072	0.1702823
209.537	0.1701761
208.921	0.1700356
208.593	0.169951
208.391	0.1698248
208.307	0.1697415
208.183	0.169589
208.169	0.1695751
207.971	0.1694239
207.864	0.1693649
207.748	0.1692471
207.699	0.1692015
207.575	0.1690981
207.463	0.1690345
207.325	0.1689229
207.312	0.1688992
207.168	0.1687789
207.093	0.1687052
206.986	0.168628
206.934	0.1685905
206.832	0.1685104
206.745	0.1684513
207.309	0.1683609
207.18	0.1683372
206.866	0.1682547
206.69	0.1682259
206.512	0.1681327
206.431	0.1680895
206.324	0.1680259
206.19	0.167961
206.043	0.1678746
206.01	0.1678307
205.842	0.1677532
205.744	0.1676865
205.613	0.1676033
205.576	0.1675743
205.442	0.1674769
205.399	0.1674388
205.244	0.1673531
205.253	0.1673165
205.112	0.1672076
205.062	0.1671762
204.957	0.1670664
204.847	0.1670432
204.769	0.1669698
204.721	0.1669054
204.519	0.166809
204.498	0.1667805
204.417	0.1666846
204.292	0.1666237
204.239	0.1665281
204.175	0.1664965
204.099	0.1664113
204.014	0.1663161
203.88	0.1662625
203.85	0.1662617
203.727	0.1661169
203.655	0.1660607
203.524	0.1660015
203.443	0.1659675
203.418	0.1658771
203.347	0.1658112
203.271	0.165744
203.113	0.1656886
203.062	0.1655872
202.958	0.165472
202.858	0.1654592
202.795	0.1653805
202.704	0.1653109
202.642	0.165256
202.483	0.165139
202.491	0.1652152
202.424	0.1650264
202.245	0.1649664
202.173	0.1648685
202.139	0.1648302
202.065	0.1648146
201.957	0.1646726
201.818	0.1645934
201.806	0.1646246
201.647	0.1645134
201.582	0.1644149
201.5	0.1643398
201.456	0.164325
201.309	0.1642589
201.308	0.1641795
201.165	0.1640904
201.151	0.1640948
201.003	0.1640098
200.945	0.1639688
200.823	0.1639012
200.817	0.1638422
200.661	0.1637738
200.582	0.1636958
200.507	0.1636486
200.451	0.1635838
200.315	0.1636111
200.226	0.1634963
200.118	0.1634218
200.146	0.1634066
200.09	0.1633095
199.872	0.1633073
199.746	0.1632325
199.768	0.1632125
199.641	0.1632093
199.594	0.1631344
199.522	0.1630265
199.391	0.1629864
199.303	0.1629764
199.295	0.1629236
199.094	0.1628312
199.065	0.1628247
198.988	0.1628294
198.819	0.1627416
198.743	0.1627005
198.694	0.1626671
198.631	0.1626636
198.513	0.1625849
198.362	0.1624912
198.427	0.1625566
198.215	0.1624424
198.258	0.162375
198.107	0.1623538
198.024	0.1623536
197.952	0.1623715
197.902	0.1622743
197.754	0.1622021
197.745	0.1622027
197.649	0.1621472
197.494	0.1620978
197.479	0.1621001
197.357	0.1620798
197.184	0.162021
197.245	0.162032
197.102	0.1619601
197.099	0.1619757
196.964	0.1619131
196.841	0.161888
196.756	0.1618429
196.668	0.1618433
196.542	0.1618052
196.477	0.1617138
196.421	0.1616597
196.389	0.1616586
196.223	0.1616222
196.147	0.1616325
196.017	0.1615854
195.956	0.1615652
195.861	0.1615921
195.811	0.1615434
195.711	0.1614355
195.69	0.1614265
195.568	0.1613889
195.469	0.1613926
195.408	0.1613378
195.332	0.1613314
195.275	0.1613055
195.157	0.1612485
195.004	0.1612117
195.006	0.1611794
194.838	0.1611999
194.813	0.1611556
194.743	0.1611269
194.589	0.1611651
194.508	0.1610448
194.477	0.1610588
194.36	0.1610396
194.365	0.1610026
194.167	0.1609809
194.156	0.1609621
194.06	0.1609384
193.929	0.1609066
193.841	0.1608881
193.832	0.1608364
193.613	0.1607988
193.604	0.1607993
193.485	0.1607845
193.357	0.1607998
193.358	0.1607905
193.297	0.1607585
193.177	0.1607137
193.034	0.160695
192.967	0.1606281
192.981	0.1605899
192.821	0.1604928
192.781	0.1605361
192.57	0.1605579
192.571	0.1605296
192.514	0.1605017
192.407	0.1604612
192.268	0.1604172
192.183	0.1604254
192.156	0.1604574
192.077	0.1604185
192.009	0.1603663
191.891	0.1603118
191.824	0.1603142
191.693	0.160281
191.598	0.1602896
191.563	0.1602523
191.443	0.1602577
191.426	0.1602151
191.299	0.1601979
191.233	0.1601695
191.075	0.1601853
191.047	0.1601501
190.999	0.1600779
190.789	0.1600899
190.796	0.1601009
190.691	0.160031
190.598	0.1600616
190.556	0.1600364
190.407	0.15993
190.413	0.1599469
190.282	0.1599249
190.165	0.1599199
190.017	0.159864
190.011	0.1599441
189.901	0.1598556
189.855	0.1598823
189.776	0.1598029
189.701	0.1597714
189.543	0.1597865
189.483	0.1597743
189.444	0.1597533
189.378	0.1597454
189.232	0.1597867
189.158	0.1596853
189.019	0.1596732
188.992	0.1596336
188.965	0.1596432
188.677	0.1596545
188.597	0.1595454
188.474	0.1595682
188.43	0.1595378
188.61	0.1595256
188.41	0.1594557
188.086	0.1594735
188.073	0.1594686
188.142	0.1594325
188.081	0.1593643
187.926	0.1594329
187.873	0.1594354
187.864	0.1594109
187.709	0.1593479
187.714	0.1593451
187.541	0.1593306
187.553	0.1592882
187.403	0.1592386
187.279	0.159225
187.178	0.1592416
187.124	0.1592394
187.016	0.1592109
186.924	0.1591761
186.883	0.1591142
186.81	0.1591617
186.649	0.1591212
186.667	0.1591275
186.596	0.1590848
186.4	0.159079
186.351	0.1590553
186.291	0.1590343
186.155	0.1589931
186.166	0.1589596
185.97	0.1589638
185.907	0.1588908
185.828	0.1588891
185.751	0.1589333
185.686	0.1588628
185.606	0.1588789
185.425	0.1588007
185.473	0.1588338
185.312	0.1587801
185.214	0.1588206
185.104	0.1587491
185.067	0.1587333
184.989	0.1587287
184.963	0.1587179
184.81	0.1586493
184.747	0.1586481
184.642	0.1586429
184.554	0.1586473
184.468	0.158597
184.436	0.1586446
184.288	0.158562
184.27	0.1585648
184.135	0.1585396
184.067	0.1585159
183.974	0.158548
183.897	0.1584411
183.816	0.1585246
183.821	0.1584814
183.583	0.1584572
183.598	0.158435
183.472	0.1584307
183.369	0.158372
183.226	0.1583595
183.178	0.1583514
183.071	0.1582769
183.073	0.158344
183.003	0.158235
182.814	0.1583066
182.665	0.1583107
182.631	0.1582374
182.596	0.1582442
182.565	0.1581689
182.378	0.158192
182.346	0.1581978
182.24	0.1581495
182.235	0.1581428
182.045	0.1581187
182.019	0.158115
181.931	0.1580914
181.844	0.1580615
181.749	0.1579897
181.745	0.1580264
181.543	0.1580249
181.466	0.1580099
181.355	0.1579475
181.429	0.1579367
181.218	0.1579413
181.146	0.1579145
180.99	0.1579179
180.981	0.1578708
180.889	0.1579022
180.779	0.1578672
180.625	0.1578246
180.654	0.157849
180.558	0.157818
180.416	0.1577772
180.37	0.1578016
180.304	0.1577677
180.206	0.1577373
180.113	0.1576944
180.008	0.1577567
179.899	0.157712
179.981	0.157629
179.884	0.1576418
179.679	0.1576084
179.629	0.1576159
179.511	0.1575587
179.47	0.1575798
179.329	0.1575905
179.285	0.157529
179.154	0.1575003
179.06	0.1574665
179.038	0.1574863
179.026	0.1574482
178.837	0.1574596
178.786	0.1574356
178.643	0.1574093
178.583	0.1573494
178.51	0.1573571
178.49	0.1573457
178.339	0.1573885
178.218	0.1573533
178.198	0.1572713
178.082	0.157342
177.915	0.1572356
177.917	0.1572616
177.79	0.1572656
177.714	0.157143
177.67	0.1571781
177.596	0.1571897
177.482	0.157154
177.395	0.1571397
177.245	0.1571114
177.209	0.1571391
177.152	0.157092
177.097	0.1570788
176.92	0.1570292
176.861	0.1570353
176.771	0.1570386
176.792	0.1570437
176.64	0.157022
176.527	0.1569711
176.373	0.1569603
176.369	0.1569454
176.221	0.1569181
176.193	0.156948
176.182	0.1569529
176.021	0.1569194
175.87	0.1568534
175.92	0.1568349
175.84	0.1568729
175.64	0.1567579
175.55	0.1567702
175.511	0.1568078
175.4	0.1567957
175.375	0.1567206
175.205	0.1567149
175.153	0.15671
175.03	0.1567293
175.067	0.156642
174.824	0.1566375
174.825	0.156653
174.881	0.1566154
174.347	0.1566436
174.75	0.1565712
174.303	0.1566338
174.606	0.1565719
174.336	0.1565666
174.383	0.1565108
174.242	0.1565195
173.928	0.1564905
174.401	0.1564537
174.109	0.1564302
173.896	0.1564154
173.969	0.1563825
173.457	0.1564074
173.547	0.1563727
173.454	0.1564109
173.497	0.1563857
173.384	0.1563217
173.295	0.1562863
173.179	0.156304
173.078	0.1563211
172.998	0.1563254
172.813	0.1562469
172.839	0.1562355
172.67	0.1562756
172.629	0.1562221
172.559	0.1561504
172.445	0.156272
172.316	0.1561383
172.291	0.1561397
172.191	0.1560958
172.095	0.1560992
172.036	0.1561186
171.913	0.1560861
171.799	0.1560609
171.737	0.1560332
171.689	0.1560301
171.548	0.1559611
171.461	0.1559632
171.386	0.1559817
171.349	0.1559847
171.198	0.1559792
171.125	0.1559341
171.12	0.1559529
170.996	0.1559083
170.908	0.1559207
170.851	0.1559029
170.814	0.1558611
170.604	0.1558459
170.513	0.1557939
170.598	0.1558179
170.445	0.1557593
170.268	0.1557254
170.301	0.1557426
170.153	0.1556833
170.135	0.1557349
169.925	0.1557004
169.941	0.1556437
169.697	0.155639
169.687	0.1556789
169.607	0.1556393
169.586	0.1556381
169.385	0.1556287
169.356	0.1555372
169.317	0.1555345
169.159	0.1555683
169.017	0.1555193
169.068	0.1554676
168.893	0.1554872
168.806	0.1555125
168.8	0.1554503
168.722	0.1554017
168.587	0.1554223
168.509	0.1554075
168.37	0.1553427
168.382	0.1553725
168.208	0.1553593
168.218	0.1553475
168.035	0.1553318
167.998	0.1553253
167.898	0.155282
167.813	0.1553184
167.687	0.1552224
167.673	0.1552689
167.598	0.1552259
167.531	0.1551838
167.283	0.1551534
167.443	0.1551747
167.337	0.1551648
167.112	0.1551985
166.98	0.1551081
167.083	0.1551563
166.879	0.1550956
166.756	0.155073
166.767	0.1550566
166.624	0.1550335
166.54	0.1550324
166.405	0.1550018
166.429	0.154978
166.395	0.1550015
166.17	0.1550306
166.115	0.1549795
166.033	0.1549589
166.013	0.1549512
165.813	0.154941
165.841	0.1549349
165.691	0.1548329
165.619	0.1548971
165.482	0.1548803
165.446	0.1548368
165.32	0.1548159
165.255	0.1548154
165.185	0.1547879
165.081	0.1547968
164.966	0.1547219
164.934	0.1547287
164.762	0.1547105
164.799	0.1547022
164.672	0.1546822
164.53	0.1547325
164.476	0.1546579
164.44	0.1546727
164.249	0.1546491
164.24	0.1545679
164.086	0.1545813
164.115	0.1545727
163.966	0.1545746
163.929	0.1545906
163.818	0.1545251
163.806	0.1545225
163.662	0.1545443
163.583	0.154534
163.447	0.1544371
163.408	0.1544524
163.265	0.1544545
163.23	0.1544385
163.168	0.1544271
163.035	0.1543991
162.904	0.1543706
162.948	0.1543936
162.781	0.1543216
162.764	0.1543096
162.544	0.1543316
162.526	0.1542776
162.392	0.1543103
162.363	0.1542825
162.22	0.1542302
162.242	0.1542174
162.161	0.1542275
162.073	0.1542038
161.951	0.1541796
161.838	0.1541727
161.811	0.1541666
161.67	0.1541518
161.556	0.1540998
161.589	0.1540338
161.355	0.1540985
161.355	0.1541029
161.186	0.1540219
161.241	0.1540795
161.106	0.1540476
161.003	0.1540085
160.952	0.1540346
160.934	0.1540379
160.727	0.1539355
160.654	0.1539527
160.573	0.1539256
160.545	0.153917
160.393	0.1538977
160.344	0.1539131
160.307	0.1538412
160.006	0.1538243
159.899	0.1538666
160	0.1537633
160.049	0.1538192
159.988	0.1537573
159.972	0.1538069
159.776	0.1537566
159.556	0.1537302
159.533	0.1537901
159.357	0.1537159
159.357	0.1537459
159.162	0.1537203
159.146	0.1537372
159.065	0.1536628
158.954	0.1536489
158.865	0.1536988
158.844	0.15361
158.678	0.1536061
158.588	0.1535801
158.465	0.1535751
158.444	0.1535417
158.389	0.1536062
158.302	0.1535484
158.204	0.1534921
158.11	0.1534968
158.028	0.1534669
157.952	0.1534709
157.857	0.1534277
157.811	0.153416
157.597	0.1534673
157.707	0.1534069
157.435	0.1533718
157.512	0.1533702
157.315	0.1533071
157.222	0.1533281
157.145	0.1533065
157.088	0.1533543
156.996	0.153329
156.782	0.1532782
156.931	0.1532985
156.841	0.1532582
156.642	0.1532107
156.57	0.1532357
156.449	0.1532418
156.436	0.1531613
156.29	0.1531934
156.266	0.1531899
156.11	0.1531635
156.06	0.1531992
155.931	0.1531639
155.909	0.1531551
155.736	0.1530505
155.752	0.153068
155.649	0.153054
155.557	0.1530612
155.456	0.1529853
155.388	0.1530658
155.205	0.152996
155.181	0.1529934
155.099	0.1530068
155.015	0.1529777
154.941	0.1529635
154.846	0.1529436
154.753	0.1529182
154.697	0.1529199
154.508	0.1529123
154.521	0.1528876
154.441	0.152866
154.372	0.1528333
154.234	0.1527931
154.165	0.1528272
154.032	0.1527805
154.089	0.1526984
153.942	0.1527659
153.863	0.1527608
153.708	0.1527292
153.657	0.1526865
153.566	0.1526335
153.521	0.1527261
153.341	0.1527167
153.358	0.1526751
153.261	0.1526247
153.104	0.1526221
153.122	0.1526205
152.956	0.1526404
152.872	0.1526843
152.834	0.1525693
152.705	0.152618
152.7	0.1525762
152.529	0.1525593
152.445	0.1525099
152.336	0.152496
152.315	0.15254
152.213	0.1525083
152.069	0.1524698
151.959	0.1525113
152.034	0.1524215
151.844	0.1524684
151.81	0.152396
151.728	0.1523379
151.668	0.1523953
151.494	0.1523856
151.44	0.1523755
151.327	0.152371
151.283	0.1523661
151.264	0.1523291
151.233	0.15232
151.021	0.1522648
150.946	0.1522832
150.874	0.1522658
150.777	0.1522897
150.672	0.1521788
150.59	0.1521559
150.548	0.1521834
150.365	0.1521927
150.37	0.1522043
150.229	0.152142
150.18	0.1521974
150.099	0.1521179
149.972	0.152109
149.875	0.1521408
149.885	0.1520976
149.756	0.1521233
149.578	0.1520778
149.617	0.152063
149.48	0.1520294
149.423	0.1520267
149.227	0.1520331
149.155	0.152009
149.092	0.1519884
149.039	0.1519376
148.964	0.1519637
148.902	0.151848
148.794	0.1518943
148.701	0.151894
148.58	0.1518983
148.606	0.1518547
148.401	0.1518279
148.366	0.151845
148.272	0.1518735
148.245	0.1518452
148.055	0.1517701
148.045	0.1518265
147.859	0.1517445
147.87	0.1517524
147.768	0.1517338
147.669	0.151704
147.606	0.1517684
147.553	0.1517366
147.475	0.1517095
147.402	0.1516888
147.269	0.1516405
147.165	0.1516383
147.089	0.151625
147.016	0.1516199
146.805	0.1516586
146.792	0.1515677
146.814	0.1515742
146.651	0.1515503
146.521	0.1515587
146.551	0.1515575
146.368	0.1515638
146.293	0.151482
146.22	0.1515282
146.154	0.1514765
146.075	0.151509
146.064	0.1514824
145.844	0.1514419
145.81	0.1514657
145.669	0.1513678
145.582	0.1514318
145.575	0.1513998
145.476	0.151361
145.343	0.1513578
145.346	0.1513319
145.117	0.1513249
145.147	0.1513469
145.056	0.1512457
144.974	0.1512972
144.861	0.1513016
144.794	0.1512517
144.662	0.1513127
144.573	0.1512476
144.429	0.1511858
144.387	0.1512213
144.38	0.1511566
144.261	0.15121
144.244	0.1511111
144.227	0.1511926
144.026	0.1511797
143.885	0.1511002
143.881	0.1511166
143.751	0.1510771
143.644	0.1511009
143.598	0.1510759
143.414	0.1510896
143.429	0.1510639
143.372	0.1510346
143.252	0.1510055
143.113	0.1510391
143.151	0.1509398
142.995	0.1510084
142.89	0.1509757
142.785	0.1509612
142.75	0.1509256
142.636	0.1509068
142.578	0.150901
142.412	0.1509061
142.416	0.1508883
142.296	0.1508634
142.257	0.1508154
142.117	0.1508498
142.095	0.1508205
141.947	0.1508387
141.908	0.1508748
141.787	0.1508125
141.738	0.1507728
141.548	0.1508557
141.564	0.1507505
141.422	0.1507612
141.34	0.150769
141.351	0.1507116
141.2	0.1507144
141.13	0.1506454
141.038	0.1506591
140.913	0.1506894
140.814	0.1506805
140.735	0.1506433
140.702	0.1506068
140.664	0.1506328
140.575	0.1505784
140.449	0.150581
140.428	0.1505664
140.314	0.1505494
140.234	0.1505945
140.039	0.1505056
140.048	0.1505432
139.888	0.1505307
139.891	0.1504694
139.707	0.1504524
139.674	0.1504842
139.569	0.1504989
139.564	0.1505051
139.355	0.15046
139.323	0.1504197
139.241	0.1503582
139.135	0.1503707
139.034	0.1503663
138.975	0.1503757
138.91	0.1503734
138.772	0.1503445
138.77	0.1503885
138.685	0.1503043
138.511	0.150317
138.534	0.1503152
138.34	0.1502298
138.309	0.1502831
138.193	0.1502132
138.144	0.1502454
138.002	0.1502302
137.947	0.1502189
137.869	0.1502025
137.792	0.1501837
137.681	0.1501421
137.638	0.1501919
137.509	0.1501414
137.432	0.1501256
137.348	0.1501253
137.273	0.1501392
137.206	0.1500868
137.123	0.1500641
136.991	0.150064
137.015	0.1500534
136.883	0.1500628
136.707	0.1500273
136.655	0.1499409
136.575	0.150002
136.476	0.1499382
136.421	0.1499862
136.304	0.149951
136.243	0.1499313
136.134	0.1499608
136.035	0.1499005
135.95	0.1498963
135.898	0.1499058
135.876	0.1498297
135.713	0.1498612
135.745	0.1498314
135.51	0.1498494
135.583	0.1498349
135.288	0.1498359
135.324	0.1498
135.25	0.1498033
135.17	0.1497767
135.022	0.1497452
134.997	0.1497786
134.948	0.149749
134.74	0.1497314
134.639	0.1497188
134.718	0.1497124
134.467	0.1496291
134.443	0.1497304
134.334	0.1496885
134.328	0.1496654
134.231	0.1496075
134.088	0.1496335
133.984	0.1496399
133.952	0.1496338
133.883	0.1495661
133.794	0.1495811
133.655	0.1495733
133.564	0.149559
133.554	0.1495531
133.461	0.1495424
133.298	0.1495018
133.258	0.1495114
133.24	0.149507
133.187	0.1494708
133.126	0.1494777
132.922	0.1494752
132.965	0.149407
132.856	0.149409
132.7	0.1494244
132.619	0.1493645
132.538	0.149414
132.449	0.1493259
132.318	0.1493721
132.266	0.149392
132.202	0.1493357
132.083	0.1493293
132.002	0.1492927
131.947	0.1493309
131.828	0.1493274
131.728	0.1493136
131.654	0.1493052
131.458	0.1492467
131.548	0.1492587
131.383	0.1492541
131.369	0.1492453
131.16	0.149224
131.208	0.1492476
131.091	0.1491547
130.995	0.1491826
130.86	0.1491697
130.799	0.1491439
130.72	0.1491358
130.574	0.1491554
130.54	0.1491002
130.355	0.1490932
130.294	0.149102
130.233	0.1490609
130.179	0.1490396
130.148	0.1490324
129.972	0.1490316
129.949	0.1490338
129.828	0.1490489
129.787	0.149004
129.691	0.1489941
129.679	0.1489771
129.506	0.1489994
129.429	0.1489598
129.341	0.1490023
129.319	0.1489237
129.141	0.1488972
129.095	0.1488841
128.965	0.1488699
128.924	0.1488986
128.842	0.1488793
128.773	0.1488734
128.618	0.148845
128.522	0.1488142
128.469	0.1488209
128.452	0.1488017
128.319	0.1487752
128.283	0.1487826
128.15	0.1488271
128.063	0.1487637
127.99	0.148757
127.842	0.1487443
127.757	0.148734
127.715	0.1487616
127.641	0.1486943
127.605	0.1487146
127.429	0.1486842
127.426	0.14871
127.317	0.1486617
127.225	0.1486468
127.081	0.1486231
127.055	0.1486179
126.929	0.1486236
126.932	0.1486161
126.74	0.1485784
126.676	0.1485732
126.676	0.1485988
126.61	0.1485455
126.357	0.1485725
126.376	0.1485021
126.243	0.1485488
126.199	0.148513
126.042	0.1484872
126.07	0.1484915
125.908	0.148439
125.904	0.1484276
125.757	0.1484337
125.687	0.1484533
125.553	0.1484419
125.451	0.1484083
125.437	0.1484122
125.367	0.1484251
125.243	0.1483503
125.194	0.1483448
125.043	0.1483505
125.035	0.1482764
124.891	0.1483454
124.886	0.1482991
124.62	0.1483261
124.729	0.1483345
124.576	0.1483195
124.53	0.1482677
124.394	0.1482343
124.32	0.1482648
124.233	0.1481728
124.086	0.1482298
123.972	0.1482215
123.962	0.1482207
123.908	0.1481612
123.83	0.1481778
123.657	0.1481778
123.693	0.1481557
123.519	0.1481607
123.412	0.1481491
123.36	0.1481193
123.281	0.1480967
123.188	0.1480477
123.113	0.1480895
122.993	0.1480502
122.932	0.1480851
122.88	0.1480442
122.823	0.1480576
122.669	0.1480239
122.612	0.1480471
122.516	0.1479993
122.403	0.1479992
122.312	0.1479953
122.254	0.1479903
122.227	0.1479621
122.141	0.1479579
121.949	0.1479218
121.981	0.1479344
121.775	0.1479275
121.756	0.1478867
121.637	0.1478984
121.592	0.1479041
121.442	0.1478814
121.472	0.1478491
121.328	0.1478446
121.271	0.1478736
121.069	0.1478373
120.992	0.1478356
120.912	0.1477798
120.977	0.1477782
120.827	0.147802
120.721	0.1477979
120.594	0.1477674
120.592	0.1477811
120.519	0.1478019
120.381	0.1477449
120.313	0.147725
120.231	0.1477005
120.118	0.147696
120.054	0.147687
119.937	0.1476717
119.899	0.1476456
119.736	0.1476601
119.732	0.1475981
119.61	0.1476208
119.633	0.1476068
119.315	0.1476158
119.372	0.147587
119.161	0.147599
119.369	0.1475943
119.029	0.1475634
119.04	0.1475541
118.947	0.1475682
118.891	0.1475212
118.763	0.1475243
118.672	0.1475677
118.561	0.1474719
118.556	0.1474805
118.435	0.1474364
118.303	0.1474279
118.279	0.1474287
118.246	0.1473999
118.058	0.1474665
118.002	0.1474576
117.877	0.1474309
117.88	0.1474342
117.686	0.1473722
117.67	0.1473896
117.591	0.1473628
117.459	0.1473481
117.433	0.1473526
117.306	0.1473595
117.198	0.1473144
117.09	0.1472706
117.049	0.1472852
117.033	0.1472734
116.806	0.1472643
116.848	0.1472494
116.773	0.1471999
116.633	0.1472783
116.496	0.147251
116.489	0.1472196
116.348	0.1472195
116.331	0.1471984
116.206	0.1471571
116.151	0.147187
115.992	0.1471675
115.976	0.1471778
115.881	0.1471496
115.852	0.1471479
115.678	0.147128
115.614	0.1471002
115.444	0.1470849
115.442	0.1470651
115.235	0.1470437
115.345	0.1470451
115.245	0.1470505
115.209	0.1470552
115.041	0.1470465
114.927	0.1470311
114.827	0.1470156
114.808	0.1470091
114.659	0.1470023
114.6	0.146956
114.46	0.1469618
114.445	0.1469777
114.36	0.1469738
114.204	0.1469176
114.098	0.1469373
114.069	0.1469281
113.987	0.1469187
114.002	0.1468739
113.743	0.1468609
113.721	0.1468729
113.602	0.1468646
113.511	0.1468451
113.367	0.1468305
113.306	0.1468494
113.303	0.1467774
113.26	0.1467788
113.123	0.1467693
113.083	0.1467759
112.939	0.1467827
112.848	0.146741
112.751	0.146784
112.703	0.1467318
112.607	0.1467253
112.529	0.1466867
112.403	0.1466779
112.401	0.1466919
112.231	0.146684
112.194	0.1466701
112.155	0.1466782
112.049	0.1466409
111.887	0.1466594
111.735	0.1466133
111.73	0.1466032
111.695	0.146596
111.629	0.1466053
111.49	0.1465723
111.431	0.146566
111.257	0.146542
111.221	0.1465351
111.229	0.1465148
111.099	0.1465404
111.008	0.1464993
