283.199	0.1797
282.097	0.17932
281.435	0.17911
280.575	0.17882
280.142	0.17868
279.281	0.17839
278.638	0.17819
277.589	0.17785
277.375	0.17778
276.323	0.17745
275.7	0.17726
274.868	0.17699
274.441	0.17688
273.62	0.17663
273.021	0.17643
272.026	0.17613
271.823	0.17608
270.86	0.1758
270.276	0.17562
269.518	0.17539
269.148	0.17528
268.404	0.17507
267.85	0.17491
266.938	0.17464
266.763	0.17461
265.873	0.17433
265.342	0.17419
264.647	0.17399
264.301	0.17389
263.617	0.17369
263.104	0.17357
262.275	0.17333
262.119	0.1733
261.301	0.17307
260.816	0.17292
260.181	0.17276
259.853	0.17266
259.212	0.17249
258.745	0.17236
257.983	0.17217
257.825	0.17213
257.063	0.17192
256.627	0.1718
256.047	0.17165
255.742	0.17158
255.146	0.17142
254.72	0.17131
254.009	0.17113
253.865	0.1711
253.19	0.17092
252.777	0.17083
252.231	0.17068
251.957	0.17061
251.402	0.17047
250.999	0.17037
250.354	0.17021
250.229	0.17018
249.575	0.17004
249.19	0.16993
248.686	0.1698
248.434	0.16975
247.926	0.16962
247.552	0.16952
246.949	0.16938
246.835	0.16935
246.233	0.16922
245.888	0.16914
245.41	0.16901
245.177	0.16896
244.727	0.16886
244.395	0.16876
243.857	0.16865
243.743	0.1686
243.186	0.16849
242.868	0.16841
242.432	0.1683
242.204	0.16825
241.78	0.16817
241.478	0.16808
240.954	0.16796
240.851	0.16795
240.355	0.16784
240.063	0.16777
239.667	0.16768
239.47	0.16761
239.083	0.16753
238.806	0.16748
238.336	0.16736
238.246	0.16735
237.776	0.16722
237.51	0.16719
237.156	0.16709
236.988	0.16704
236.643	0.16698
236.376	0.16691
235.938	0.16682
235.855	0.16679
235.433	0.1667
235.184	0.16665
234.866	0.16657
234.708	0.16652
234.395	0.16645
234.153	0.16639
233.767	0.16632
233.687	0.16629
233.303	0.16621
233.077	0.16617
232.772	0.1661
232.623	0.16606
232.326	0.16599
232.103	0.16593
231.752	0.16586
231.678	0.16584
231.317	0.16576
231.109	0.16571
230.822	0.16565
230.681	0.16561
230.404	0.16556
230.213	0.16552
229.876	0.16544
229.805	0.16542
229.477	0.16534
229.28	0.1653
229.013	0.16524
228.882	0.16522
228.631	0.16517
228.441	0.16512
228.133	0.16506
228.075	0.16505
227.768	0.16497
227.588	0.16493
227.361	0.16489
227.244	0.16486
227.014	0.16479
226.84	0.16476
226.552	0.1647
226.494	0.1647
226.213	0.16462
226.042	0.16458
225.817	0.16455
225.707	0.16452
225.491	0.16447
225.321	0.16443
225.048	0.16438
224.995	0.16435
224.716	0.1643
224.558	0.16427
224.347	0.16423
224.239	0.16419
224.017	0.16417
223.858	0.16413
223.596	0.16408
223.544	0.16406
223.282	0.16401
223.139	0.16396
222.957	0.16394
222.864	0.16392
222.673	0.16388
222.525	0.16383
222.284	0.16379
222.238	0.16378
222.019	0.16373
221.89	0.1637
221.714	0.16369
221.628	0.16364
221.456	0.16358
221.332	0.16358
221.099	0.16353
221.05	0.16351
220.831	0.16348
220.707	0.16343
220.541	0.1634
220.453	0.16338
220.297	0.16335
220.176	0.16332
219.97	0.16327
219.924	0.16328
219.707	0.16322
219.593	0.1632
219.423	0.16316
219.341	0.16315
219.187	0.1631
219.066	0.1631
218.869	0.16303
218.833	0.16304
218.649	0.16299
218.536	0.16296
218.4	0.16292
218.325	0.16291
218.161	0.16287
218.043	0.16286
217.873	0.16282
217.84	0.1628
217.655	0.16278
217.55	0.16274
217.406	0.16269
217.33	0.16271
217.192	0.16267
217.085	0.16264
216.916	0.1626
216.88	0.16262
216.724	0.16257
216.633	0.16254
216.51	0.16255
216.445	0.16251
216.312	0.16249
216.206	0.16244
216.055	0.16241
216.021	0.16241
215.864	0.16237
215.763	0.16235
215.63	0.16232
215.56	0.16231
215.424	0.16228
215.327	0.16225
215.159	0.16222
215.126	0.16222
214.974	0.16219
214.885	0.16216
214.769	0.16213
214.71	0.16213
214.582	0.1621
214.499	0.16208
214.353	0.16205
214.323	0.16204
214.168	0.16201
214.07	0.16198
213.941	0.16196
213.878	0.16195
213.769	0.16191
213.69	0.16189
213.537	0.16187
213.511	0.16186
213.372	0.16184
213.275	0.16179
213.147	0.1618
213.078	0.16178
212.96	0.16176
212.88	0.16173
212.742	0.16169
212.715	0.1617
212.58	0.16166
212.495	0.16165
212.383	0.16162
212.327	0.16162
212.226	0.16158
212.141	0.16158
211.992	0.16155
211.966	0.16155
211.838	0.16151
211.754	0.16149
211.651	0.16148
211.606	0.16145
211.49	0.16143
211.409	0.1614
211.276	0.16141
211.251	0.16138
211.123	0.16134
211.045	0.16133
210.942	0.16131
210.888	0.1613
210.795	0.16126
210.726	0.16127
210.596	0.16122
210.568	0.16123
210.438	0.1612
210.367	0.16117
210.275	0.16115
210.233	0.16114
210.129	0.16114
201.701	0.16111
207.975	0.16108
208.455	0.16108
209.427	0.16103
209.552	0.16103
209.551	0.16101
209.524	0.161
209.447	0.16099
209.378	0.16096
209.235	0.16094
209.21	0.16093
209.103	0.16089
209.037	0.16089
208.941	0.16086
208.897	0.16086
208.816	0.16084
208.741	0.16082
208.635	0.1608
208.614	0.16078
208.506	0.16076
208.443	0.16076
208.353	0.16076
208.303	0.16072
208.2	0.16072
208.14	0.16068
208.04	0.16066
208.019	0.16065
207.913	0.16063
207.837	0.16061
207.732	0.16061
207.682	0.16061
207.591	0.16056
207.529	0.16053
207.416	0.16052
207.394	0.16051
207.285	0.16049
207.209	0.16048
207.126	0.16047
207.08	0.16045
206.992	0.16042
206.929	0.16042
206.825	0.16038
206.804	0.16036
206.689	0.16036
206.625	0.16034
206.539	0.16033
206.498	0.16031
206.4	0.16031
206.34	0.16027
206.234	0.16024
206.214	0.16025
206.112	0.16023
206.049	0.16022
205.943	0.16019
205.898	0.16017
205.817	0.16016
205.756	0.16016
205.653	0.16013
205.628	0.16013
205.523	0.1601
205.458	0.16008
205.383	0.16006
205.343	0.16006
205.266	0.16002
205.206	0.16002
205.112	0.15999
205.094	0.15998
204.995	0.15996
204.938	0.15994
204.86	0.15993
204.82	0.15992
204.724	0.15991
204.654	0.1599
204.545	0.15986
204.521	0.15986
204.406	0.15987
204.339	0.15982
204.254	0.15981
204.212	0.1598
204.124	0.15977
204.057	0.15975
203.935	0.15974
203.916	0.15974
203.831	0.1597
203.775	0.15972
203.689	0.15969
203.643	0.15967
203.555	0.15963
203.494	0.15964
203.38	0.15961
203.361	0.15961
203.236	0.15959
203.168	0.15957
203.083	0.15955
203.044	0.15953
202.963	0.15953
202.897	0.15951
202.786	0.15947
202.763	0.15951
202.653	0.15945
202.591	0.15945
202.51	0.15943
202.473	0.15942
202.397	0.15941
202.332	0.15937
202.22	0.15936
202.197	0.15934
202.097	0.15933
202.035	0.15931
201.955	0.15928
201.914	0.15929
201.823	0.15927
201.763	0.15926
201.652	0.15924
201.631	0.15924
201.529	0.1592
201.46	0.15921
201.371	0.15918
201.315	0.15919
201.202	0.15913
201.126	0.15912
201.004	0.15912
200.983	0.15911
200.881	0.15907
200.824	0.15906
200.747	0.15905
200.707	0.15905
200.614	0.15904
200.544	0.15901
200.44	0.15898
200.415	0.15898
200.314	0.15896
200.263	0.15894
200.185	0.15891
200.146	0.15891
200.063	0.15888
200	0.15887
199.9	0.15885
199.88	0.15881
199.76	0.15881
199.675	0.15879
199.596	0.15878
199.546	0.15877
199.451	0.15875
199.393	0.15873
199.293	0.15871
199.274	0.15871
199.179	0.1587
199.113	0.15868
199.005	0.15862
198.956	0.15863
198.881	0.15863
198.83	0.15861
198.724	0.1586
198.707	0.15857
198.614	0.15856
198.548	0.15855
198.459	0.15854
198.416	0.15853
198.332	0.1585
198.269	0.15849
198.166	0.15847
198.148	0.15848
198.031	0.15844
197.954	0.15843
197.873	0.15843
197.839	0.15839
197.756	0.15837
197.69	0.15837
197.597	0.15834
197.638	0.15832
197.475	0.1583
197.406	0.15828
197.325	0.15827
197.283	0.15828
197.182	0.15825
197.105	0.15823
196.971	0.1582
196.946	0.15816
196.828	0.15818
196.772	0.15817
196.681	0.15813
196.637	0.15815
196.543	0.15815
196.484	0.15811
196.364	0.15807
196.338	0.15808
196.236	0.15805
196.166	0.15805
196.083	0.15802
196.046	0.15801
195.97	0.158
195.91	0.15796
195.794	0.15797
195.773	0.15793
195.677	0.15793
195.599	0.15791
195.5	0.15789
195.452	0.15789
195.345	0.15786
195.269	0.15785
195.152	0.15782
195.129	0.15781
195.005	0.15776
194.94	0.15777
194.848	0.15774
194.795	0.15774
194.695	0.15775
194.624	0.15771
194.515	0.15769
194.489	0.1577
194.365	0.15766
194.284	0.15766
194.189	0.15762
194.145	0.15766
194.039	0.15759
193.961	0.15759
193.848	0.15755
193.828	0.15756
193.723	0.15751
193.663	0.15751
193.586	0.15749
193.544	0.15749
193.462	0.15746
193.394	0.15744
193.265	0.15743
193.234	0.15742
193.114	0.15739
193.042	0.15738
192.944	0.15736
192.899	0.15735
192.819	0.15734
192.756	0.15731
192.637	0.15728
192.609	0.15727
192.485	0.15726
192.415	0.15726
192.306	0.15723
192.254	0.1572
192.152	0.15719
192.082	0.15719
191.956	0.15717
191.936	0.15715
191.822	0.15713
191.749	0.15711
191.665	0.1571
191.62	0.15709
191.51	0.15704
191.425	0.15703
191.275	0.15701
191.249	0.157
191.117	0.15698
191.05	0.15697
190.945	0.15693
190.899	0.15696
190.802	0.1569
190.725	0.15691
190.617	0.15687
190.596	0.15688
190.498	0.15683
190.435	0.15685
190.341	0.15683
190.297	0.15681
190.209	0.15679
190.138	0.15676
189.994	0.15673
189.967	0.15674
189.847	0.15671
189.78	0.1567
189.686	0.15667
189.635	0.15668
189.534	0.15664
189.464	0.15664
189.345	0.15658
189.321	0.15661
189.197	0.15659
189.12	0.15657
189.024	0.15654
188.97	0.15653
188.865	0.15647
188.796	0.15648
188.662	0.15646
188.635	0.15646
188.509	0.15647
188.416	0.15641
188.29	0.1564
188.227	0.15639
188.121	0.15635
188.062	0.15634
187.936	0.15631
187.903	0.15633
187.794	0.15627
187.724	0.15629
187.603	0.15625
187.524	0.15622
187.414	0.1562
187.343	0.1562
187.221	0.15618
187.188	0.15617
187.062	0.15616
186.995	0.15612
186.906	0.15611
186.862	0.15611
186.743	0.15608
186.664	0.15608
186.536	0.15602
186.515	0.15602
186.391	0.156
186.287	0.15599
186.185	0.15595
186.134	0.15593
186.016	0.15594
185.936	0.1559
185.797	0.15587
185.773	0.15587
185.638	0.15587
185.558	0.15584
185.438	0.1558
185.373	0.15581
185.264	0.15575
185.18	0.15577
185.125	0.15572
185.126	0.15571
185.097	0.15569
185.137	0.15571
185.132	0.15565
185.094	0.15564
185.08	0.15565
185.112	0.15559
185.124	0.15559
185.106	0.15558
185.013	0.15554
184.958	0.15555
184.902	0.15555
184.846	0.15547
184.787	0.15548
184.73	0.15547
184.614	0.15543
184.599	0.15545
184.537	0.1554
184.501	0.1554
184.419	0.15539
184.365	0.15537
184.283	0.15536
184.263	0.15534
184.17	0.15531
184.145	0.15533
184.053	0.15525
184.017	0.15525
183.941	0.15527
183.891	0.15522
183.804	0.1552
183.747	0.1552
183.703	0.15515
183.693	0.15518
183.6	0.15512
183.51	0.15509
183.432	0.15507
183.413	0.15509
183.393	0.15506
183.331	0.15505
183.191	0.15503
183.179	0.15506
183.156	0.15501
183.103	0.15497
183.034	0.15496
182.999	0.15497
182.913	0.15492
182.859	0.15492
182.789	0.15489
182.765	0.15488
182.672	0.15485
182.626	0.15484
182.547	0.1548
182.506	0.15479
182.439	0.15479
182.392	0.15475
182.302	0.15475
182.268	0.15473
182.158	0.15472
182.154	0.15469
182.13	0.15467
182.076	0.15469
181.991	0.15464
181.948	0.15464
181.864	0.15463
181.838	0.15461
181.742	0.15456
181.749	0.15457
181.683	0.15456
181.613	0.15454
181.549	0.15449
181.52	0.1545
181.426	0.15448
181.4	0.15449
181.278	0.15445
181.266	0.15441
181.231	0.15439
181.173	0.15438
181.081	0.15438
181.052	0.15438
180.955	0.15434
180.94	0.15433
180.869	0.15433
180.781	0.15429
180.693	0.15427
180.691	0.15424
180.641	0.15424
180.592	0.15424
180.473	0.1542
180.46	0.15419
180.402	0.15417
180.321	0.15416
180.251	0.15414
180.232	0.15412
180.152	0.15412
180.07	0.15408
180.025	0.15405
180.02	0.15405
179.908	0.15403
179.847	0.15403
179.806	0.15402
179.777	0.15397
179.677	0.15398
179.625	0.15397
179.554	0.15391
179.55	0.15394
179.475	0.1539
179.393	0.15388
179.302	0.15386
179.289	0.15389
179.24	0.15381
179.188	0.15383
179.092	0.15382
179.073	0.15379
179	0.15378
178.951	0.15376
178.836	0.15377
178.809	0.15373
178.802	0.15373
178.743	0.1537
178.603	0.15368
178.578	0.15367
178.534	0.15365
178.513	0.15365
178.389	0.15363
178.345	0.15361
178.318	0.15357
178.254	0.15356
178.182	0.15354
178.172	0.15355
178.105	0.15351
178.018	0.15351
177.942	0.15346
177.926	0.15348
177.874	0.15346
177.801	0.15346
177.701	0.15344
177.696	0.15341
177.643	0.15339
177.564	0.15338
177.497	0.15336
177.461	0.15334
177.391	0.15334
177.369	0.1533
177.272	0.15328
177.251	0.15327
177.128	0.15327
177.16	0.15326
177.126	0.15323
177.05	0.15324
176.931	0.15318
176.951	0.15316
176.87	0.15316
176.829	0.15316
176.723	0.15313
176.747	0.15311
176.636	0.15313
176.567	0.15309
176.552	0.15309
176.539	0.15304
176.366	0.15301
176.329	0.15301
176.329	0.153
176.302	0.153
176.17	0.15297
176.104	0.15297
176.08	0.15295
176.084	0.15294
175.913	0.15288
175.88	0.15292
175.883	0.15285
175.84	0.15283
175.694	0.15284
175.671	0.15282
175.64	0.15281
175.579	0.15276
175.459	0.15278
175.46	0.15277
175.404	0.15274
175.336	0.15273
175.276	0.15269
175.247	0.15271
175.137	0.15265
175.099	0.15268
175.061	0.15263
175.029	0.15265
174.896	0.15263
174.88	0.15261
174.855	0.15259
174.792	0.15258
174.69	0.15254
174.649	0.15257
174.599	0.15251
174.572	0.15251
174.47	0.15251
174.399	0.1525
174.376	0.15247
174.356	0.15246
174.266	0.15242
174.161	0.15243
174.128	0.15241
174.141	0.15238
174.034	0.15235
173.937	0.15235
173.899	0.15232
173.905	0.15235
173.822	0.1523
173.721	0.1523
173.673	0.15227
173.685	0.15227
173.608	0.15228
173.51	0.15221
173.422	0.15223
173.432	0.1522
173.404	0.1522
173.275	0.15219
173.189	0.15218
173.207	0.15216
173.194	0.1521
173.045	0.1521
173.032	0.15207
173.065	0.15211
172.99	0.15208
172.841	0.15203
172.843	0.15203
172.851	0.15203
172.721	0.15199
172.611	0.152
172.632	0.15199
172.631	0.15198
172.477	0.15197
172.386	0.15193
172.42	0.15193
172.4	0.15191
172.215	0.15184
172.153	0.15186
172.177	0.15185
172.151	0.15184
172.028	0.15184
171.936	0.15182
171.947	0.15178
171.944	0.15183
171.758	0.15174
171.707	0.15176
171.721	0.15173
171.685	0.15173
171.532	0.1517
171.467	0.15172
171.499	0.15167
171.474	0.15169
171.27	0.15165
171.277	0.15165
171.28	0.15166
171.229	0.15162
171.051	0.15159
171.008	0.15161
171.05	0.15154
171.026	0.15159
170.846	0.15153
170.821	0.1515
170.803	0.15149
170.75	0.15146
170.625	0.15146
170.621	0.15148
170.547	0.15145
170.507	0.15143
170.408	0.1514
170.384	0.15142
170.285	0.15136
170.244	0.15141
170.234	0.15138
170.182	0.15133
170.053	0.15132
170.041	0.15131
169.971	0.1513
169.918	0.15132
169.859	0.15129
169.826	0.15128
169.742	0.15124
169.701	0.15121
169.646	0.15121
169.621	0.15119
169.508	0.1512
169.441	0.15118
169.387	0.15116
169.388	0.15116
169.347	0.15113
169.245	0.15114
169.134	0.15109
169.131	0.15109
169.129	0.15108
169.002	0.15105
168.921	0.15103
168.912	0.15105
168.868	0.15105
168.783	0.15099
168.702	0.151
168.686	0.15097
168.607	0.15096
168.604	0.15096
168.504	0.15093
168.439	0.15094
168.362	0.15091
168.37	0.15086
168.266	0.15089
168.229	0.15088
168.186	0.15084
168.138	0.15084
168.016	0.15082
167.985	0.15083
167.948	0.1508
167.89	0.15077
167.839	0.15075
167.829	0.15077
167.681	0.15075
167.66	0.15072
167.65	0.15071
167.572	0.15074
167.458	0.15069
167.447	0.15069
167.398	0.15066
167.368	0.15067
167.202	0.15063
167.199	0.15059
167.182	0.15061
167.116	0.15059
167.021	0.15057
167.023	0.15056
166.915	0.15055
166.867	0.15054
166.765	0.15051
166.79	0.1505
166.757	0.1505
166.672	0.15051
166.501	0.15046
166.561	0.15043
166.582	0.15046
166.537	0.15045
166.315	0.15042
166.377	0.1504
166.363	0.1504
166.258	0.15036
166.163	0.15038
166.208	0.15035
166.104	0.15036
166.067	0.15034
165.946	0.15035
165.915	0.15033
165.865	0.15031
165.812	0.15033
165.71	0.15027
165.715	0.15025
165.63	0.15024
165.597	0.15024
165.474	0.15022
165.473	0.1502
165.402	0.15016
165.336	0.15019
165.24	0.15019
165.248	0.15017
165.164	0.15013
165.12	0.15016
165.025	0.15011
165.055	0.15009
164.919	0.15008
164.824	0.15005
164.802	0.15007
164.844	0.15004
164.653	0.15004
164.615	0.15001
164.592	0.15001
164.566	0.14998
164.452	0.14998
164.43	0.14997
164.36	0.14995
164.317	0.14994
164.259	0.14994
164.224	0.14993
164.123	0.14992
164.099	0.1499
163.999	0.14988
163.973	0.14988
163.925	0.14986
163.851	0.14985
163.79	0.14983
163.772	0.14981
163.614	0.14978
163.619	0.14983
163.639	0.14978
163.575	0.14977
163.385	0.14977
163.374	0.14978
163.361	0.14971
163.339	0.1497
163.19	0.14969
163.172	0.14971
163.132	0.14966
163.073	0.14967
162.981	0.14967
162.956	0.14964
162.911	0.14968
162.885	0.14963
162.723	0.14957
162.747	0.1496
162.678	0.14958
162.592	0.14958
162.487	0.14955
162.525	0.14955
162.43	0.14955
162.383	0.14953
162.304	0.1495
162.317	0.14949
162.183	0.1495
162.094	0.14947
162.074	0.14949
162.126	0.14947
161.953	0.14942
161.892	0.14941
161.882	0.14941
161.893	0.14939
161.708	0.14941
161.614	0.14938
161.677	0.14937
161.717	0.14934
161.454	0.14934
161.431	0.14932
161.511	0.14932
161.469	0.14929
161.259	0.1493
161.205	0.14928
161.268	0.14925
161.256	0.14929
161.042	0.14927
160.988	0.14924
161.029	0.14923
161.053	0.14922
160.864	0.14922
160.757	0.14921
160.79	0.14916
160.805	0.14915
160.6	0.14913
160.569	0.14915
160.571	0.14915
160.542	0.14913
160.4	0.14911
160.364	0.14908
160.328	0.14908
160.244	0.14914
160.221	0.14906
160.211	0.14912
160.07	0.14905
160.002	0.14903
160.005	0.14901
159.988	0.14901
159.831	0.14898
159.79	0.149
159.76	0.14896
159.739	0.14898
159.577	0.14896
159.559	0.14894
159.554	0.14891
159.505	0.14894
159.356	0.14892
159.358	0.14894
159.273	0.14888
159.249	0.14885
159.161	0.14885
159.154	0.14887
159.063	0.1488
159.026	0.14883
158.947	0.14883
158.923	0.14881
158.776	0.14881
158.754	0.14879
158.786	0.14879
158.706	0.14874
158.511	0.14874
158.487	0.14872
158.569	0.14869
158.522	0.14873
158.293	0.1487
158.299	0.1487
158.342	0.14867
158.218	0.14868
158.076	0.14865
158.103	0.14865
158.137	0.14862
157.982	0.14866
157.861	0.1486
157.901	0.14861
157.912	0.14856
157.73	0.14858
157.716	0.14856
157.75	0.14857
157.649	0.14854
157.505	0.14855
157.534	0.14855
157.541	0.14851
157.387	0.14849
157.24	0.14848
157.298	0.14851
157.344	0.14846
157.164	0.14848
157.089	0.14846
157.096	0.14844
157.086	0.14845
156.92	0.14838
156.881	0.1484
156.863	0.14838
156.817	0.14839
156.711	0.14835
156.652	0.14835
156.642	0.14832
156.618	0.14834
156.474	0.14832
156.449	0.14831
156.381	0.14832
156.311	0.14831
156.264	0.14828
156.269	0.14825
156.093	0.14823
156.065	0.14828
156.044	0.14827
156.078	0.14823
155.884	0.14821
155.806	0.14822
155.849	0.14815
155.84	0.1482
155.641	0.14818
155.596	0.1482
155.611	0.14814
155.62	0.14815
155.425	0.14814
155.343	0.14815
155.405	0.1481
155.434	0.14812
155.164	0.14809
155.131	0.14806
155.169	0.1481
155.154	0.14806
155.04	0.14802
154.968	0.14808
154.891	0.14803
154.899	0.14801
154.756	0.14798
154.732	0.14799
154.697	0.14796
154.672	0.14796
154.566	0.14796
154.521	0.14794
154.43	0.14795
154.432	0.14793
154.353	0.14789
154.316	0.14789
154.194	0.14788
154.206	0.1479
154.13	0.14789
154.061	0.14788
153.975	0.14785
154.011	0.14786
153.849	0.14785
153.815	0.14781
153.802	0.14781
153.784	0.14779
153.585	0.1478
153.523	0.14779
153.609	0.14778
153.599	0.14775
153.317	0.14775
153.295	0.14775
153.432	0.14772
153.357	0.14774
153.158	0.1477
153.156	0.14771
153.182	0.14776
153.132	0.14768
152.949	0.14767
152.943	0.14768
152.976	0.14765
152.871	0.14764
152.708	0.14764
152.725	0.14762
152.769	0.14761
152.625	0.1476
152.44	0.14756
152.472	0.1476
152.556	0.14758
152.417	0.14757
152.236	0.14753
152.269	0.14753
152.355	0.14751
152.21	0.14753
152.016	0.14754
152.041	0.14749
152.101	0.14748
151.928	0.14748
151.812	0.14749
151.858	0.14746
151.842	0.14743
151.723	0.14742
151.638	0.14742
151.622	0.1474
151.586	0.14741
151.493	0.14741
151.411	0.14739
151.421	0.14737
151.354	0.14737
151.19	0.14734
151.253	0.14734
151.269	0.14733
151.043	0.14733
150.995	0.1473
151.043	0.1473
150.994	0.14727
150.805	0.14728
150.774	0.14729
150.792	0.14724
150.765	0.14727
150.56	0.14725
150.577	0.14724
150.571	0.14723
150.484	0.14725
150.401	0.14721
150.373	0.14717
150.32	0.14719
150.29	0.14719
150.172	0.14718
150.091	0.14717
150.076	0.14718
150.088	0.14713
149.948	0.14714
149.841	0.14709
149.888	0.14711
149.898	0.1471
149.683	0.14711
149.615	0.14709
149.655	0.14707
149.625	0.14706
149.478	0.14707
149.454	0.14703
149.395	0.14701
149.361	0.14704
149.267	0.14699
149.232	0.14698
149.171	0.147
149.126	0.14698
149.01	0.14696
149.001	0.14696
148.92	0.14692
148.875	0.14694
148.85	0.14694
148.823	0.14695
148.657	0.14691
148.608	0.14693
148.669	0.14689
148.583	0.14685
148.413	0.14688
148.418	0.14686
148.432	0.14684
148.262	0.14684
148.207	0.14684
148.258	0.14685
148.234	0.14682
148.061	0.14681
148.015	0.14676
148.05	0.14679
147.968	0.14677
147.804	0.14678
147.853	0.14675
147.906	0.1468
147.746	0.14676
147.627	0.14674
147.686	0.14672
147.677	0.14674
147.467	0.14664
147.436	0.14672
147.463	0.14668
147.406	0.14667
147.221	0.14665
147.261	0.14666
147.181	0.14666
147.108	0.14661
146.993	0.14665
147.102	0.14663
146.935	0.1466
146.827	0.1466
146.843	0.1466
146.942	0.14658
146.718	0.14656
146.663	0.14659
146.671	0.14653
146.711	0.14654
146.502	0.14651
146.448	0.14655
146.502	0.1465
146.457	0.14649
146.197	0.14654
146.203	0.14651
146.336	0.14649
146.192	0.14646
146.027	0.14645
146.032	0.14643
146.113	0.14642
145.982	0.14644
145.83	0.14639
145.836	0.14642
145.841	0.1464
145.71	0.14641
145.56	0.14643
145.604	0.14639
145.625	0.14635
145.493	0.14637
145.379	0.14633
145.404	0.14634
145.323	0.14633
145.205	0.14632
145.163	0.14636
145.176	0.1463
145.069	0.14631
144.944	0.14624
144.998	0.14628
144.976	0.14629
144.769	0.14625
144.792	0.14629
144.727	0.14623
144.623	0.14621
144.583	0.14624
144.637	0.14624
144.436	0.1462
144.389	0.14621
144.406	0.14617
144.4	0.14616
144.2	0.14616
144.151	0.14613
144.167	0.14614
144.124	0.14616
143.989	0.14613
143.964	0.14614
143.91	0.14611
143.869	0.14609
143.802	0.14611
143.755	0.1461
143.674	0.14609
143.65	0.14606
143.544	0.14607
143.524	0.14605
143.475	0.14604
143.425	0.14605
143.285	0.14599
143.266	0.14603
143.279	0.14602
143.153	0.14598
143.083	0.14599
143.106	0.146
143.02	0.14597
142.882	0.14596
142.875	0.14595
142.883	0.14596
142.774	0.14594
142.656	0.14588
142.668	0.14591
142.671	0.14592
142.497	0.14589
142.489	0.14589
142.479	0.14591
142.399	0.1459
142.209	0.14587
142.294	0.14583
142.251	0.14585
142.179	0.14583
142.009	0.14584
142.102	0.14582
142.047	0.14582
141.942	0.14581
141.839	0.14577
141.863	0.14577
141.781	0.14579
141.734	0.14577
141.636	0.14577
141.668	0.14576
141.517	0.14573
141.398	0.14574
141.423	0.14571
141.486	0.14571
141.245	0.14571
141.194	0.14572
141.255	0.14568
141.234	0.1457
141.026	0.14568
140.988	0.14565
141.025	0.14566
140.95	0.14564
140.797	0.14566
140.791	0.14562
140.803	0.1456
140.676	0.14562
140.601	0.14559
140.633	0.14557
140.561	0.14558
140.427	0.14557
140.406	0.14555
140.415	0.14555
140.319	0.14556
140.206	0.14553
140.146	0.14554
140.152	0.14549
140.104	0.14552
139.976	0.14552
139.939	0.1455
139.95	0.14547
139.863	0.14549
139.746	0.14549
139.71	0.14544
139.72	0.14545
139.624	0.1455
139.524	0.14541
139.508	0.14544
139.49	0.14544
139.377	0.1454
139.341	0.1454
139.22	0.14537
139.166	0.14539
139.21	0.14535
139.202	0.1454
138.913	0.14535
138.91	0.14538
139.058	0.14534
138.924	0.14532
138.776	0.14531
138.808	0.14532
138.796	0.14529
138.7	0.14532
138.583	0.14528
138.59	0.14528
138.55	0.14528
138.444	0.14526
138.361	0.14526
138.367	0.14524
138.328	0.14523
138.213	0.14525
138.11	0.14521
138.128	0.14525
138.061	0.1452
137.966	0.14517
137.941	0.14518
137.942	0.14519
137.828	0.14517
137.764	0.14516
137.713	0.14514
137.685	0.14515
137.55	0.14514
137.565	0.14513
137.528	0.14512
137.455	0.14512
137.319	0.14509
137.342	0.14508
137.261	0.14508
137.208	0.14508
137.119	0.14509
137.178	0.14504
137.025	0.14507
136.947	0.14506
136.909	0.14506
136.957	0.14503
136.741	0.14502
136.702	0.14499
136.736	0.145
136.702	0.145
136.537	0.14498
136.491	0.14497
136.511	0.14497
136.463	0.14499
136.286	0.14496
136.285	0.14492
136.315	0.14494
136.18	0.14493
136.066	0.14491
136.127	0.14494
136.083	0.1449
135.903	0.14487
135.901	0.14489
135.923	0.14487
135.774	0.14486
135.637	0.14485
135.721	0.14484
135.752	0.14485
135.519	0.14484
135.42	0.14485
135.538	0.1448
135.531	0.14478
135.237	0.1448
135.252	0.14478
135.333	0.14478
135.249	0.14475
135.041	0.14477
135.057	0.14473
135.031	0.14471
134.985	0.14476
134.883	0.14473
134.873	0.14471
134.774	0.14474
134.716	0.14472
134.659	0.14472
134.621	0.14468
134.553	0.14468
134.521	0.1447
134.417	0.14468
134.431	0.14467
134.31	0.14468
134.248	0.14469
134.242	0.14463
134.205	0.14462
134.079	0.14462
134.058	0.1446
133.988	0.14459
133.936	0.14457
133.859	0.14458
133.828	0.14454
133.799	0.14459
133.661	0.14457
133.659	0.14456
133.645	0.14457
133.539	0.14454
133.507	0.14455
133.424	0.14448
133.365	0.14452
133.322	0.14447
133.282	0.14448
133.18	0.14449
133.171	0.14446
133.1	0.14448
133.012	0.14443
132.96	0.14444
132.931	0.14442
132.874	0.14443
132.82	0.14441
132.766	0.14443
132.758	0.1444
132.601	0.14443
132.551	0.14438
132.583	0.14439
132.527	0.14439
132.348	0.14438
132.391	0.14437
132.307	0.14435
132.263	0.14436
132.169	0.14431
132.162	0.14435
132.039	0.14432
132.027	0.14432
132.014	0.1443
131.907	0.14432
131.84	0.1443
131.83	0.14429
131.748	0.14429
131.66	0.14427
131.628	0.14424
131.613	0.14422
131.506	0.14429
131.461	0.14422
131.4	0.14419
131.379	0.14423
131.259	0.1442
131.219	0.14418
131.166	0.1442
131.109	0.14419
131.095	0.14417
131.075	0.14417
130.88	0.14416
130.862	0.14415
130.897	0.14414
130.799	0.14414
130.662	0.14413
130.669	0.14414
130.684	0.14412
130.552	0.14413
130.471	0.14408
130.476	0.1441
130.401	0.14408
130.33	0.14407
130.267	0.14404
130.276	0.14406
130.144	0.14406
130.083	0.14403
130.065	0.14403
130.043	0.14405
129.93	0.144
129.861	0.14406
129.85	0.144
129.802	0.14401
129.707	0.14398
129.673	0.14396
129.589	0.14398
129.578	0.14398
129.473	0.14396
129.448	0.14393
129.383	0.14393
129.347	0.14393
129.256	0.14392
129.193	0.14394
129.189	0.14392
129.169	0.14391
128.987	0.14389
128.967	0.14389
128.925	0.14382
128.869	0.14386
128.842	0.14386
128.821	0.14384
128.611	0.14388
128.612	0.14384
128.7	0.14385
128.53	0.14386
128.373	0.14383
128.438	0.14384
128.459	0.14382
128.269	0.1438
128.257	0.1438
128.292	0.14378
128.124	0.14378
128.01	0.14378
128.1	0.14376
128.113	0.14376
127.916	0.14374
127.841	0.14373
127.9	0.14372
127.845	0.14375
127.628	0.14372
127.71	0.14369
127.67	0.14367
127.554	0.14371
127.424	0.14369
127.523	0.14368
127.38	0.14365
127.311	0.14364
127.313	0.14366
127.303	0.14366
127.15	0.14364
127.145	0.14361
127.118	0.14363
127.004	0.14364
126.92	0.1436
126.928	0.14361
126.876	0.14357
126.757	0.14356
126.701	0.14357
126.697	0.14358
126.639	0.14358
126.544	0.14355
126.491	0.14356
126.469	0.14352
126.376	0.14352
126.358	0.14352
126.236	0.14354
126.204	0.1435
126.176	0.1435
126.121	0.14351
125.967	0.14348
125.949	0.14346
125.988	0.14346
125.847	0.14346
125.771	0.14345
125.796	0.14346
125.725	0.14342
125.606	0.14344
125.611	0.14344
125.592	0.14342
125.439	0.14337
125.438	0.14341
125.354	0.14339
125.282	0.14337
125.278	0.14339
125.226	0.14336
125.08	0.14337
125.08	0.14336
125.045	0.14334
124.928	0.14333
124.898	0.14333
124.919	0.14335
124.762	0.14331
124.7	0.14329
124.692	0.1433
124.67	0.1433
124.529	0.1433
124.526	0.14329
124.457	0.14328
124.381	0.14328
124.317	0.14326
124.331	0.14329
124.161	0.14325
124.132	0.14324
124.178	0.14323
124.049	0.14325
123.874	0.14323
123.967	0.1432
124.044	0.1432
123.874	0.14319
123.861	0.14319
123.904	0.14316
123.712	0.14317
123.624	0.14315
123.711	0.14317
123.683	0.14314
123.513	0.14315
123.493	0.14311
123.425	0.14312
123.393	0.14314
123.315	0.14311
123.264	0.14314
123.186	0.14308
123.169	0.14312
123.06	0.14306
122.966	0.14309
122.979	0.14304
122.935	0.14305
122.825	0.14306
122.812	0.14303
122.657	0.14302
122.668	0.14303
122.633	0.14302
122.561	0.143
122.445	0.14302
122.447	0.14299
122.356	0.143
122.272	0.14298
122.255	0.143
122.228	0.14298
122.114	0.14296
122.095	0.14297
121.976	0.14297
121.965	0.14294
121.938	0.14294
121.835	0.14293
121.754	0.14294
121.791	0.14292
121.679	0.14292
121.554	0.1429
121.583	0.14289
121.572	0.14289
121.403	0.14288
121.364	0.14286
121.349	0.14284
121.294	0.14286
121.209	0.14287
121.162	0.14281
121.056	0.14283
121.046	0.14282
120.995	0.14281
120.94	0.14281
120.841	0.1428
120.821	0.14279
120.761	0.14278
120.719	0.14278
120.602	0.14277
120.573	0.14278
120.563	0.14276
120.479	0.14277
120.362	0.14274
120.395	0.14274
120.351	0.14275
120.204	0.14272
120.186	0.1427
120.219	0.1427
120.022	0.1427
119.967	0.1427
120.056	0.14269
119.98	0.14268
119.792	0.14268
119.823	0.14267
119.764	0.14267
119.699	0.14262
119.591	0.14266
119.634	0.14265
119.457	0.14264
119.397	0.14263
119.479	0.14262
119.377	0.14259
119.254	0.1426
119.252	0.14261
119.211	0.14256
119.101	0.14259
119.024	0.14255
119.015	0.14257
118.986	0.14256
118.917	0.14253
118.821	0.14255
118.807	0.14253
118.726	0.14252
118.705	0.14254
118.591	0.1425
118.53	0.14251
118.515	0.14249
118.476	0.14249
118.348	0.14247
118.358	0.14247
118.283	0.14246
118.176	0.14251
118.164	0.14243
118.169	0.14244
118.026	0.14246
117.971	0.14244
117.926	0.14242
117.887	0.14241
117.834	0.14239
117.774	0.1424
117.684	0.14238
117.678	0.14237
117.597	0.14239
117.508	0.14238
117.498	0.14237
117.478	0.1424
117.326	0.14234
117.308	0.14236
117.291	0.14234
117.21	0.14233
117.114	0.14232
117.124	0.14233
116.966	0.14232
116.948	0.14232
116.944	0.14227
116.864	0.14232
116.776	0.14228
116.766	0.14228
116.685	0.14227
116.632	0.14225
116.612	0.14226
116.579	0.14224
116.416	0.14224
116.429	0.14224
116.335	0.14223
116.268	0.14221
116.249	0.14221
116.204	0.14219
116.08	0.14218
116.061	0.14222
116.036	0.14215
115.975	0.14217
115.86	0.14216
115.847	0.14217
115.776	0.14216
115.748	0.14216
115.649	0.14216
115.635	0.14214
115.576	0.14215
115.519	0.14212
115.424	0.14212
115.387	0.14211
115.356	0.14211
115.305	0.14209
115.199	0.14209
115.191	0.14211
115.104	0.14204
115.021	0.14204
115.004	0.14207
114.989	0.14205
114.85	0.14204
114.805	0.14204
114.795	0.14203
114.755	0.14201
114.633	0.14202
114.658	0.14202
114.497	0.14201
114.466	0.142
114.486	0.14201
114.376	0.14199
114.304	0.14196
114.298	0.14197
114.217	0.14196
114.152	0.14196
114.087	0.14195
114.061	0.14195
113.995	0.14191
113.909	0.14192
113.912	0.1419
113.893	0.14193
113.686	0.1419
113.714	0.1419
113.686	0.14188
113.58	0.1419
113.498	0.14191
113.568	0.14188
113.344	0.14186
113.293	0.14187
113.371	0.14184
113.326	0.14184
113.142	0.14185
113.157	0.14183
113.186	0.14181
113.01	0.14183
113.019	0.14184
113.044	0.14178
112.861	0.14179
112.847	0.14181
112.788	0.14177
112.709	0.14177
112.728	0.14177
112.683	0.14177
112.494	0.14175
112.504	0.14175
112.482	0.14173
112.345	0.14173
112.338	0.14174
112.346	0.14171
112.18	0.1417
112.15	0.14169
112.117	0.14169
112.091	0.14167
111.966	0.14168
111.978	0.1417
111.881	0.14167
111.804	0.14165
111.777	0.14167
111.762	0.14165
111.581	0.14164
111.581	0.14162
111.564	0.14162
111.444	0.14164
111.424	0.14161
111.421	0.14161
111.293	0.1416
111.253	0.14161
111.181	0.14157
111.168	0.14162
111.065	0.14156
111.031	0.1416
110.945	0.14155
110.938	0.14154
110.855	0.14156
110.796	0.14155
110.74	0.14152
110.712	0.14154
110.643	0.14153
110.565	0.14149
110.488	0.1415
110.483	0.14151
110.444	0.14151
110.346	0.1415
110.25	0.14148
110.281	0.14147
110.172	0.14148
110.072	0.14144
110.094	0.14144
110.05	0.14143
109.913	0.14145
109.908	0.14142
109.814	0.14142
109.776	0.1414
109.742	0.14142
109.661	0.14141
109.546	0.14137
109.545	0.14139
109.563	0.14141
109.424	0.1414