279.242	0.15924
278.227	0.15896
277.634	0.15879
276.824	0.15857
276.425	0.15845
275.636	0.15823
275.053	0.15808
274.079	0.15782
273.88	0.15777
272.931	0.15752
272.355	0.15737
271.603	0.15717
271.228	0.15709
270.485	0.15688
269.922	0.15674
269.002	0.15651
268.828	0.15648
267.932	0.15626
267.392	0.15612
266.68	0.15596
266.329	0.15587
265.623	0.15569
265.103	0.15558
264.263	0.15538
264.088	0.15535
263.24	0.15516
262.748	0.15504
262.082	0.15489
261.745	0.15482
261.108	0.15468
260.637	0.15457
259.844	0.15441
259.682	0.15437
258.925	0.15421
258.461	0.1541
257.857	0.15397
257.554	0.15392
256.951	0.15379
256.509	0.1537
255.783	0.15354
255.646	0.15351
254.933	0.15336
254.5	0.15327
253.951	0.15317
253.675	0.1531
253.131	0.153
252.721	0.15292
252.069	0.15279
251.932	0.15275
251.28	0.15263
250.898	0.15256
250.394	0.15246
250.147	0.1524
249.637	0.15231
249.264	0.15225
248.614	0.15212
248.487	0.15208
247.915	0.15199
247.569	0.15191
247.1	0.15182
246.867	0.15178
246.388	0.15169
246.007	0.15164
245.441	0.15154
245.341	0.15151
244.797	0.15141
244.44	0.15134
243.995	0.15127
243.774	0.15124
243.325	0.15115
243.02	0.15109
242.526	0.151
242.425	0.15098
241.912	0.1509
241.592	0.15084
241.183	0.15078
240.987	0.15074
240.6	0.15067
240.291	0.15061
239.792	0.15054
239.691	0.15053
239.218	0.15043
238.943	0.15038
238.581	0.15032
238.398	0.1503
238.014	0.15023
237.739	0.15019
237.292	0.1501
237.21	0.15009
236.788	0.15
236.543	0.14996
236.208	0.14991
236.047	0.14988
235.712	0.14983
235.458	0.14976
235.046	0.14971
234.959	0.14969
234.55	0.14964
234.317	0.14959
233.993	0.14954
233.829	0.14951
233.495	0.14946
233.265	0.14942
232.902	0.14935
232.825	0.14935
232.456	0.14928
232.232	0.14925
231.929	0.1492
231.773	0.14917
231.47	0.14912
231.236	0.14909
230.876	0.14903
230.81	0.149
230.463	0.14895
230.243	0.14894
229.927	0.14887
229.755	0.14886
229.452	0.14882
229.238	0.14878
228.924	0.14875
228.858	0.14871
228.552	0.14867
228.37	0.14863
228.095	0.1486
227.964	0.14858
227.722	0.14852
227.542	0.14851
227.207	0.14844
227.139	0.14844
226.806	0.14838
226.684	0.14837
226.408	0.14832
226.282	0.1483
226.049	0.14826
225.858	0.14824
225.582	0.1482
225.525	0.14819
225.22	0.14815
225.042	0.1481
224.795	0.14808
224.673	0.14805
224.441	0.14802
224.294	0.14799
224.05	0.14795
223.996	0.14794
223.72	0.14789
223.551	0.14788
223.347	0.14784
223.239	0.14783
223.03	0.14778
222.881	0.14777
222.621	0.14772
222.573	0.14771
222.311	0.14767
222.154	0.14765
221.952	0.14762
221.841	0.14761
221.624	0.14757
221.483	0.14754
221.232	0.14751
221.181	0.1475
220.934	0.14747
220.799	0.14744
220.598	0.14741
220.502	0.1474
220.312	0.14737
220.167	0.14735
219.929	0.14731
219.887	0.1473
219.651	0.14728
219.522	0.14724
219.344	0.14721
219.263	0.1472
219.088	0.14718
218.946	0.14715
218.706	0.14713
218.659	0.14712
218.444	0.14708
218.327	0.14704
218.174	0.14702
218.082	0.14702
217.904	0.14698
217.782	0.14697
217.57	0.14693
217.536	0.14693
217.346	0.14689
217.224	0.14688
217.063	0.14685
216.971	0.14685
216.823	0.14682
216.71	0.1468
216.475	0.14678
216.428	0.14676
216.242	0.14674
216.121	0.14671
215.968	0.1467
215.9	0.14668
215.756	0.14665
215.651	0.14664
215.46	0.14659
215.423	0.1466
215.246	0.14657
215.135	0.14655
214.989	0.14652
214.915	0.14652
214.755	0.1465
214.633	0.14648
214.45	0.14645
214.41	0.14644
214.23	0.14641
214.135	0.14639
214.009	0.14638
213.944	0.14636
213.799	0.14636
213.674	0.14633
213.502	0.1463
213.471	0.14629
213.27	0.14628
213.162	0.14626
213.018	0.14624
212.941	0.14624
212.789	0.14621
212.684	0.14618
212.52	0.14615
212.486	0.14615
212.317	0.14613
212.217	0.14611
212.091	0.14609
212.028	0.14609
211.906	0.14606
211.819	0.14604
211.649	0.14604
211.615	0.14602
211.443	0.146
211.334	0.14598
211.205	0.14596
211.147	0.14595
211.024	0.14593
210.936	0.14592
210.777	0.1459
210.746	0.14589
210.579	0.14586
210.492	0.14584
210.378	0.14583
210.316	0.14582
210.194	0.14581
200.864	0.14579
207.824	0.14577
208.339	0.14577
209.361	0.14576
209.487	0.14572
209.482	0.1457
209.443	0.14571
209.351	0.14569
209.266	0.14565
209.106	0.14565
209.079	0.14564
208.943	0.14561
208.861	0.1456
208.749	0.14558
208.678	0.14558
208.565	0.14556
208.481	0.14555
208.326	0.14552
208.289	0.14552
208.142	0.14551
208.061	0.14548
207.947	0.14547
207.894	0.14546
207.783	0.14544
207.694	0.14544
207.56	0.14541
207.534	0.14539
207.408	0.14539
207.339	0.14538
207.229	0.14536
207.173	0.14535
207.065	0.14533
206.991	0.14532
206.86	0.1453
206.825	0.1453
206.689	0.14529
206.613	0.14526
206.523	0.14525
206.47	0.14525
206.358	0.14523
206.278	0.14522
206.16	0.14517
206.138	0.14519
206.019	0.14518
205.953	0.14517
205.835	0.14513
205.787	0.14515
205.688	0.14513
205.606	0.14511
205.49	0.14509
205.468	0.14508
205.34	0.14508
205.251	0.14506
205.15	0.14505
205.105	0.14503
205.019	0.14502
204.946	0.14501
204.815	0.14498
204.792	0.14497
204.667	0.14498
204.59	0.14496
204.492	0.14494
204.44	0.14494
204.322	0.14492
204.237	0.14491
204.13	0.1449
204.107	0.14488
203.988	0.14487
203.906	0.14486
203.803	0.14486
203.743	0.14484
203.637	0.14483
203.573	0.14482
203.45	0.14481
203.427	0.1448
203.304	0.14477
203.234	0.14477
203.156	0.14475
203.108	0.14473
203.018	0.14473
202.877	0.14472
202.803	0.1447
202.781	0.1447
202.68	0.14468
202.605	0.14467
202.508	0.14466
202.46	0.14466
202.371	0.14464
202.312	0.14463
202.209	0.14461
202.19	0.14461
202.06	0.14458
202	0.14457
201.909	0.14457
201.868	0.14456
201.777	0.14455
201.711	0.14455
201.598	0.14454
201.578	0.14452
201.467	0.14451
201.393	0.1445
201.321	0.14448
201.272	0.14448
201.17	0.14446
201.096	0.14444
200.99	0.14443
200.971	0.14444
200.874	0.14443
200.811	0.1444
200.71	0.1444
200.663	0.14437
200.575	0.14438
200.505	0.14436
200.398	0.14435
200.379	0.14435
200.29	0.14432
200.228	0.14433
200.139	0.14431
200.104	0.14429
200.018	0.14429
199.948	0.14428
199.853	0.14427
199.836	0.14426
199.726	0.14424
199.651	0.14424
199.583	0.14422
199.547	0.14422
199.464	0.14421
199.387	0.1442
199.277	0.14419
199.25	0.14419
199.125	0.14416
199.069	0.14415
198.987	0.14412
198.952	0.14413
198.879	0.14412
198.809	0.14412
198.7	0.1441
198.683	0.14407
198.572	0.14408
198.495	0.14407
198.404	0.14406
198.358	0.14404
198.266	0.14404
198.196	0.14403
198.11	0.144
198.091	0.14401
198	0.144
197.923	0.14399
197.836	0.14398
197.804	0.14397
197.728	0.14395
197.678	0.14394
197.578	0.14394
197.56	0.14393
197.468	0.14391
197.411	0.1439
197.332	0.14389
197.292	0.14388
197.21	0.14388
197.131	0.14387
197.021	0.14385
197	0.14385
196.904	0.14384
196.856	0.14382
196.781	0.14382
196.739	0.14381
196.661	0.1438
196.595	0.14379
196.5	0.14378
196.483	0.14377
196.401	0.14377
196.357	0.14375
196.282	0.14374
196.242	0.14374
196.156	0.14373
196.095	0.14372
195.99	0.14369
195.973	0.1437
195.879	0.14368
195.819	0.1437
195.741	0.14367
195.696	0.14366
195.616	0.14364
195.554	0.14364
195.432	0.14362
195.408	0.14363
195.309	0.14362
195.256	0.1436
195.183	0.14359
195.153	0.14357
195.087	0.14357
195.031	0.14356
194.938	0.14355
194.916	0.14355
194.812	0.14354
194.74	0.14353
194.658	0.14351
194.627	0.14353
194.548	0.1435
194.487	0.1435
194.399	0.14347
194.381	0.14348
194.275	0.14346
194.21	0.14344
194.127	0.14343
194.09	0.14343
194.017	0.14342
193.957	0.14342
193.85	0.1434
193.827	0.14338
193.716	0.14339
193.656	0.14338
193.581	0.14338
193.539	0.14334
193.449	0.14335
193.394	0.14333
193.286	0.14334
193.268	0.14332
193.182	0.14331
193.131	0.1433
193.056	0.14328
193.012	0.14328
192.936	0.14328
192.886	0.14327
192.79	0.14326
192.771	0.14325
192.675	0.14323
192.625	0.14323
192.553	0.14321
192.516	0.1432
192.441	0.14321
192.389	0.14319
192.296	0.14318
192.277	0.14318
192.175	0.14316
192.127	0.14315
192.047	0.14315
192.004	0.14314
191.931	0.14314
191.881	0.1431
191.787	0.1431
191.764	0.14311
191.676	0.14309
191.623	0.14308
191.522	0.14307
191.49	0.14307
191.41	0.14305
191.35	0.14305
191.256	0.14302
191.24	0.14303
191.152	0.14302
191.105	0.143
191.047	0.143
191.021	0.14299
190.951	0.14298
190.897	0.14296
190.808	0.14297
190.788	0.14296
190.677	0.14294
190.628	0.14293
190.556	0.14293
190.503	0.14292
190.407	0.1429
190.35	0.1429
190.251	0.14289
190.232	0.14288
190.131	0.14287
190.084	0.14286
189.995	0.14285
189.964	0.14285
189.897	0.14284
189.828	0.14283
189.749	0.14282
189.73	0.14281
189.642	0.14279
189.571	0.14279
189.485	0.14276
189.438	0.14278
189.333	0.14276
189.268	0.14276
189.174	0.14274
189.154	0.14273
189.042	0.14273
188.975	0.14272
188.909	0.14272
188.877	0.14271
188.801	0.14269
188.743	0.14269
188.656	0.14268
188.637	0.14268
188.537	0.14265
188.472	0.14265
188.38	0.14265
188.345	0.14263
188.268	0.14263
188.22	0.14261
188.149	0.14259
188.13	0.14259
188.03	0.14258
187.97	0.14258
187.884	0.14256
187.837	0.14257
187.746	0.14256
187.694	0.14254
187.588	0.14253
187.558	0.14253
187.427	0.14251
187.371	0.1425
187.287	0.1425
187.258	0.14251
187.19	0.1425
187.135	0.14248
187.02	0.14246
187	0.14247
186.889	0.14246
186.823	0.14245
186.749	0.14244
186.709	0.14244
186.641	0.14242
186.581	0.14242
186.478	0.14241
186.453	0.14241
186.345	0.1424
186.295	0.1424
186.21	0.14238
186.172	0.14238
186.098	0.14237
186.045	0.14235
185.937	0.14233
185.914	0.14234
185.801	0.14235
185.741	0.14232
185.647	0.14232
185.609	0.14231
185.529	0.14229
185.464	0.14229
185.361	0.14228
185.342	0.14228
185.245	0.14225
185.183	0.14226
185.123	0.14225
185.079	0.14225
185.024	0.14224
184.969	0.14224
184.865	0.14223
184.845	0.14221
184.742	0.14221
184.688	0.1422
184.623	0.14219
184.583	0.14218
184.51	0.14219
184.465	0.14216
184.377	0.14217
184.356	0.14216
184.272	0.14214
184.213	0.14215
184.146	0.14213
184.102	0.14212
184.023	0.14211
183.97	0.14211
183.867	0.1421
183.848	0.14209
183.766	0.14209
183.718	0.14208
183.652	0.14206
183.624	0.14205
183.559	0.14205
183.496	0.14204
183.409	0.14203
183.397	0.14202
183.328	0.14203
183.273	0.14202
183.213	0.142
183.182	0.14199
183.113	0.14199
183.069	0.14197
182.988	0.14198
182.971	0.14196
182.892	0.14194
182.844	0.14194
182.779	0.14193
182.744	0.14193
182.682	0.14192
182.642	0.14191
182.551	0.1419
182.537	0.1419
182.47	0.14189
182.431	0.14188
182.371	0.14186
182.329	0.14187
182.259	0.14187
182.225	0.14185
182.155	0.14183
182.139	0.14181
182.047	0.14182
182.012	0.14181
181.95	0.1418
181.918	0.1418
181.864	0.14178
181.826	0.14177
181.758	0.14177
181.74	0.14177
181.658	0.14176
181.616	0.14175
181.555	0.14173
181.529	0.14173
181.457	0.14172
181.421	0.14172
181.362	0.1417
181.354	0.14171
181.289	0.14168
181.247	0.14167
181.192	0.14167
181.161	0.14168
181.111	0.14164
181.073	0.14165
181.009	0.14164
180.992	0.14163
180.905	0.14161
180.871	0.1416
180.826	0.14159
180.798	0.14159
180.738	0.14158
180.688	0.14157
180.621	0.14157
180.608	0.14155
180.543	0.14156
180.503	0.14153
180.462	0.14153
180.434	0.14151
180.378	0.14151
180.339	0.1415
180.254	0.14149
180.235	0.1415
180.16	0.14147
180.12	0.14146
180.073	0.14145
180.056	0.14146
180.007	0.14144
179.964	0.14143
179.896	0.14142
179.883	0.14139
179.808	0.1414
179.771	0.14139
179.722	0.14138
179.687	0.14136
179.625	0.14136
179.587	0.14134
179.534	0.14133
179.523	0.14133
179.457	0.14132
179.411	0.1413
179.354	0.1413
179.32	0.14129
179.262	0.14128
179.214	0.14127
179.14	0.14126
179.124	0.14126
179.054	0.14124
179.021	0.14123
178.96	0.14121
178.922	0.14119
178.858	0.1412
178.819	0.14117
178.757	0.14118
178.743	0.14116
178.669	0.14116
178.62	0.14114
178.557	0.14113
178.526	0.14113
178.473	0.14111
178.426	0.1411
178.339	0.14107
178.325	0.14108
178.256	0.14106
178.216	0.14105
178.16	0.14104
178.133	0.14103
178.071	0.14102
178.025	0.14101
177.959	0.141
177.947	0.141
177.979	0.14098
177.875	0.14095
177.775	0.14097
177.736	0.14095
177.663	0.14094
177.607	0.14092
177.532	0.14092
177.514	0.14091
177.432	0.14087
177.379	0.14088
177.295	0.14089
177.261	0.14086
177.187	0.14084
177.128	0.14083
177.032	0.14082
177.016	0.14081
176.927	0.14079
176.865	0.1408
176.792	0.14077
176.755	0.14074
176.665	0.14075
176.61	0.14073
176.502	0.14072
176.476	0.14072
176.385	0.1407
176.34	0.1407
176.272	0.14067
176.239	0.14066
176.174	0.14066
176.127	0.14065
176.049	0.14062
176.034	0.14063
175.949	0.14058
175.893	0.1406
175.815	0.14058
175.778	0.14058
175.709	0.14054
175.658	0.14055
175.568	0.14053
175.551	0.14053
175.463	0.14052
175.412	0.14049
175.335	0.14048
175.289	0.14047
175.213	0.1405
175.147	0.14043
175.055	0.14044
175.037	0.14042
174.94	0.14039
174.878	0.1404
174.801	0.1404
174.76	0.14039
174.685	0.14038
174.63	0.14036
174.526	0.14035
174.504	0.14035
174.415	0.14032
174.364	0.1403
174.295	0.1403
174.254	0.1403
174.173	0.14028
174.116	0.14027
174.017	0.14025
173.996	0.14025
173.895	0.14021
173.836	0.14021
173.759	0.14019
173.721	0.1402
173.644	0.14022
173.57	0.14017
173.473	0.14016
173.456	0.14015
173.363	0.14014
173.302	0.14012
173.223	0.14011
173.185	0.1401
173.11	0.14008
173.052	0.14008
172.943	0.14004
172.925	0.14005
172.818	0.14005
172.754	0.14004
172.669	0.14002
172.623	0.14001
172.539	0.13999
172.481	0.14
172.384	0.13996
172.364	0.13997
172.261	0.13995
172.202	0.13994
172.12	0.13994
172.081	0.13992
172	0.13989
171.938	0.13991
171.833	0.13989
171.81	0.13989
171.704	0.13987
171.645	0.13986
171.562	0.13986
171.523	0.13982
171.443	0.13982
171.376	0.13981
171.272	0.13979
171.248	0.13978
171.143	0.13976
171.082	0.13976
171	0.13974
170.961	0.13977
170.856	0.13972
170.788	0.13969
170.692	0.1397
170.673	0.1397
170.555	0.13968
170.493	0.13968
170.396	0.13966
170.355	0.13964
170.252	0.13964
170.177	0.13963
170.073	0.13962
170.053	0.13961
169.938	0.13959
169.866	0.13961
169.776	0.13956
169.735	0.13954
169.654	0.13953
169.594	0.13954
169.494	0.13952
169.475	0.13952
169.375	0.1395
169.313	0.1395
169.229	0.13947
169.184	0.13946
169.092	0.13946
169.021	0.13945
168.915	0.13942
168.892	0.13943
168.785	0.13941
168.717	0.1394
168.625	0.13936
168.582	0.13939
168.497	0.13934
168.435	0.13936
168.326	0.13934
168.304	0.13931
168.185	0.13935
168.121	0.13934
168.042	0.13932
168.002	0.13927
167.915	0.1393
167.847	0.13926
167.743	0.13924
167.724	0.13927
167.607	0.13924
167.535	0.13922
167.449	0.13922
167.408	0.13922
167.322	0.1392
167.253	0.13922
167.142	0.13916
167.12	0.13917
167.015	0.13915
166.953	0.13914
166.871	0.13913
166.824	0.13911
166.736	0.1391
166.675	0.13911
166.571	0.13908
166.548	0.13909
166.441	0.13905
166.374	0.13905
166.294	0.13905
166.253	0.13904
166.168	0.13903
166.098	0.13901
165.993	0.139
165.973	0.13901
165.874	0.13898
165.808	0.13896
165.725	0.13898
165.679	0.13896
165.588	0.13893
165.526	0.13893
165.418	0.13892
165.396	0.13891
165.288	0.1389
165.212	0.13889
165.117	0.13889
165.068	0.13887
164.982	0.13884
164.919	0.13885
164.808	0.13881
164.784	0.13881
164.664	0.13883
164.595	0.13883
164.506	0.13879
164.46	0.13878
164.37	0.13877
164.3	0.13876
164.193	0.13876
164.171	0.13871
164.065	0.13875
164.002	0.13873
163.914	0.1387
163.873	0.1387
163.792	0.1387
163.732	0.13868
163.621	0.13867
163.6	0.13868
163.503	0.13865
163.444	0.13864
163.362	0.1386
163.319	0.13862
163.238	0.1386
163.175	0.13858
163.07	0.13859
163.051	0.13857
162.928	0.13857
162.857	0.13857
162.772	0.13855
162.731	0.13854
162.653	0.13854
162.594	0.13853
162.499	0.13852
162.479	0.1385
162.38	0.13849
162.321	0.13848
162.235	0.13847
162.194	0.13847
162.114	0.13845
162.058	0.13844
161.963	0.13843
161.942	0.13842
161.846	0.13841
161.78	0.13841
161.706	0.13839
161.668	0.1384
161.584	0.13837
161.525	0.13835
161.426	0.13833
161.407	0.13838
161.304	0.13833
161.238	0.13832
161.156	0.13832
161.118	0.13831
161.04	0.13829
160.98	0.13829
160.874	0.13825
160.854	0.13826
160.757	0.13824
160.7	0.13824
160.622	0.13823
160.58	0.13824
160.481	0.13822
160.423	0.13821
160.307	0.1382
160.283	0.1382
160.179	0.13814
160.115	0.13817
160.023	0.13815
159.981	0.13816
159.893	0.13815
159.834	0.13814
159.727	0.13814
159.703	0.13812
159.599	0.1381
159.542	0.1381
159.46	0.13809
159.422	0.13808
159.346	0.13803
159.284	0.13806
159.182	0.13805
159.164	0.13805
159.047	0.13805
158.979	0.13803
158.893	0.13802
158.854	0.13799
158.773	0.138
158.71	0.13798
158.612	0.13798
158.592	0.13797
158.482	0.13795
158.424	0.13796
158.342	0.13793
158.303	0.13793
158.224	0.13791
158.167	0.13794
158.067	0.13792
158.046	0.13788
157.929	0.13788
157.867	0.13787
157.792	0.13785
157.753	0.13785
157.678	0.13784
157.615	0.13784
157.517	0.13783
157.499	0.13783
157.39	0.1378
157.327	0.1378
157.244	0.13778
157.201	0.13779
157.123	0.13777
157.065	0.13776
156.974	0.13777
156.955	0.13775
156.859	0.13773
156.803	0.13773
156.728	0.13772
156.692	0.13772
156.618	0.13769
156.552	0.13769
156.456	0.13766
156.437	0.13769
156.351	0.13765
156.298	0.13766
156.228	0.13763
156.19	0.13765
156.12	0.13764
156.069	0.13762
155.975	0.13761
155.957	0.13761
155.864	0.13757
155.808	0.13759
155.722	0.13758
155.684	0.13756
155.61	0.13756
155.551	0.13755
155.45	0.13754
155.431	0.13753
155.333	0.13753
155.276	0.1375
155.192	0.1375
155.153	0.13749
155.078	0.1375
155.021	0.13747
154.918	0.13747
154.9	0.13747
154.801	0.13745
154.742	0.13747
154.655	0.13742
154.617	0.13743
154.542	0.13741
154.486	0.1374
154.386	0.1374
154.367	0.13739
154.268	0.13738
154.209	0.13737
154.133	0.13737
154.094	0.13736
154.016	0.13734
153.951	0.13734
153.854	0.13733
153.833	0.13732
153.728	0.13733
153.667	0.13731
153.591	0.1373
153.551	0.13728
153.478	0.13727
153.426	0.13728
153.328	0.13725
153.298	0.13727
153.195	0.13724
153.145	0.13723
153.077	0.13725
153.033	0.13722
152.957	0.13722
152.904	0.1372
152.802	0.1372
152.783	0.1372
152.683	0.13716
152.627	0.13717
152.556	0.13715
152.52	0.13719
152.446	0.13714
152.391	0.13713
152.282	0.13713
152.263	0.13713
152.169	0.1371
152.112	0.13711
152.029	0.13708
151.991	0.13709
151.913	0.13708
151.853	0.13706
151.745	0.13705
151.723	0.13706
151.626	0.13706
151.571	0.13704
151.49	0.13702
151.452	0.13699
151.38	0.13703
151.326	0.13701
151.232	0.13698
151.211	0.13699
151.118	0.13698
151.063	0.13697
150.982	0.13695
150.948	0.13695
150.882	0.13694
150.833	0.13695
150.751	0.13692
150.734	0.13692
150.65	0.1369
150.596	0.13691
150.532	0.13689
150.499	0.13689
150.429	0.13688
150.38	0.13687
150.289	0.13686
150.27	0.13685
150.186	0.13684
150.134	0.13684
150.054	0.13684
150.005	0.13682
149.933	0.13682
149.885	0.1368
149.803	0.1368
149.785	0.13679
149.699	0.13677
149.645	0.13678
149.572	0.13677
149.536	0.13676
149.466	0.13678
149.411	0.13674
149.322	0.13673
149.305	0.13673
149.213	0.13671
149.15	0.13671
149.082	0.1367
149.049	0.13669
148.968	0.13668
148.915	0.13668
148.828	0.13667
148.81	0.13664
148.718	0.13666
148.663	0.13664
148.585	0.13664
148.546	0.13663
148.458	0.13662
148.398	0.13661
148.303	0.13661
148.285	0.13659
148.197	0.13658
148.142	0.13657
148.064	0.13657
148.028	0.13657
147.955	0.13655
147.9	0.13657
147.796	0.13652
147.778	0.13654
147.694	0.13651
147.637	0.13652
147.566	0.13652
147.53	0.1365
147.459	0.1365
147.409	0.13649
147.316	0.13648
147.299	0.13648
147.212	0.13646
147.154	0.13647
147.082	0.13642
147.047	0.13645
146.971	0.13643
146.913	0.13644
146.825	0.13644
146.808	0.13643
146.718	0.13641
146.664	0.1364
146.591	0.13639
146.554	0.13638
146.475	0.13636
146.421	0.13637
146.333	0.13636
146.315	0.13634
146.226	0.13633
146.168	0.13633
146.095	0.13633
146.051	0.13633
145.978	0.13631
145.925	0.13631
145.841	0.13629
145.823	0.13629
145.741	0.13627
145.686	0.13626
145.607	0.13627
145.569	0.13625
145.498	0.13625
145.447	0.13628
145.332	0.13624
145.312	0.13623
145.222	0.13621
145.169	0.13621
145.069	0.13622
145.031	0.13617
144.963	0.1362
144.914	0.13617
144.832	0.13618
144.816	0.13615
144.726	0.13616
144.669	0.13615
144.593	0.13614
144.554	0.13615
144.486	0.13612
144.436	0.13611
144.351	0.13611
144.335	0.13611
144.25	0.13608
144.2	0.13609
144.121	0.13608
144.082	0.13608
144.01	0.13607
143.958	0.13608
143.875	0.13606
143.858	0.13604
143.768	0.13604
143.716	0.13601
143.644	0.13601
143.609	0.13601
143.535	0.13602
143.482	0.136
143.393	0.13598
143.373	0.136
143.285	0.13598
143.233	0.13596
143.161	0.13597
143.127	0.13596
143.053	0.13594
143.006	0.13594
142.923	0.13593
142.906	0.13591
142.81	0.13591
142.749	0.1359
142.679	0.13591
142.641	0.13589
142.576	0.1359
142.527	0.13589
142.446	0.13586
142.429	0.13587
142.34	0.13586
142.289	0.13585
142.222	0.13584
142.186	0.13583
142.114	0.13584
142.06	0.13582
141.972	0.13582
141.954	0.13579
141.867	0.13581
141.818	0.13578
141.743	0.13579
141.709	0.13578
141.643	0.13576
141.582	0.13575
141.494	0.13577
141.477	0.13573
141.391	0.13574
141.339	0.13577
141.267	0.13571
141.231	0.13572
141.162	0.13573
141.108	0.13572
141.012	0.1357
140.995	0.13568
140.907	0.13569
140.854	0.13571
140.774	0.13567
140.735	0.13567
140.665	0.13563
140.611	0.13565
140.522	0.13564
140.503	0.13564
140.412	0.13564
140.356	0.13561
140.284	0.13562
140.251	0.1356
140.182	0.13559
140.126	0.13559
140.042	0.13558
140.025	0.1356
139.942	0.13557
139.891	0.13557
139.829	0.13556
139.796	0.13554
139.724	0.13553
139.672	0.13553
139.588	0.13551
139.572	0.13552
139.477	0.13551
139.42	0.13553
139.349	0.13549
139.309	0.13548
139.229	0.1355
139.172	0.13548
139.089	0.13547
139.073	0.13546
138.991	0.13547
138.942	0.13543
138.87	0.13545
138.832	0.13544
138.769	0.13543
138.715	0.13542
138.639	0.13539
138.622	0.13542
138.543	0.1354
138.493	0.13538
138.423	0.13539
138.391	0.13537
138.324	0.13538
138.276	0.13537
138.192	0.13536
138.175	0.13535
138.093	0.13535
138.048	0.13535
137.979	0.13531
137.946	0.13532
137.88	0.13532
137.831	0.13532
137.751	0.13532
137.733	0.1353
137.645	0.13528
137.596	0.13528
137.53	0.13528
137.498	0.13525
137.431	0.13525
137.384	0.13527
137.283	0.13526
137.267	0.13523
137.18	0.13523
137.129	0.13523
137.06	0.13522
137.027	0.13521
136.958	0.13521
136.904	0.13519
136.812	0.1352
136.797	0.13519
136.72	0.13519
136.668	0.13517
136.605	0.13519
136.57	0.13515
136.502	0.13516
136.456	0.13515
136.374	0.13513
136.357	0.13515
136.276	0.13513
136.225	0.13512
136.158	0.13511
136.124	0.13509
136.052	0.13511
136.006	0.13509
135.923	0.13508
135.907	0.13508
135.827	0.13508
135.778	0.13509
135.705	0.13506
135.672	0.13506
135.604	0.13504
135.547	0.13501
135.456	0.13502
135.44	0.13502
135.361	0.13501
135.317	0.13501
135.25	0.13501
135.216	0.13501
135.137	0.13499
135.089	0.13498
135.006	0.13498
134.988	0.13497
134.906	0.13495
134.851	0.13495
134.782	0.13496
134.75	0.13493
134.684	0.13495
134.637	0.13492
134.556	0.13493
134.54	0.13491
134.458	0.13491
134.412	0.13492
134.351	0.13489
134.317	0.1349
134.257	0.1349
134.214	0.13489
134.137	0.13488
134.121	0.13487
134.039	0.13487
133.99	0.13486
133.925	0.13484
133.892	0.13484
133.826	0.13481
133.775	0.13483
133.694	0.13482
133.679	0.13482
133.593	0.1348
133.541	0.1348
133.473	0.13479
133.44	0.1348
133.379	0.13477
133.331	0.13476
133.243	0.13478
133.226	0.13477
133.143	0.13477
133.096	0.13474
133.03	0.13474
132.998	0.13475
132.93	0.13473
132.88	0.13473
132.792	0.13472
132.776	0.13473
132.689	0.13472
132.64	0.1347
132.577	0.13469
132.547	0.13467
132.484	0.13468
132.435	0.13464
132.349	0.13464
132.333	0.13465
132.252	0.13465
132.196	0.13466
132.13	0.13464
132.098	0.13464
132.035	0.13465
131.986	0.13462
131.905	0.13461
131.889	0.13461
131.794	0.1346
131.743	0.1346
131.676	0.1346
131.642	0.13458
131.699	0.1346
131.58	0.13458
131.455	0.13456
131.433	0.13458
131.331	0.13457
131.28	0.13455
131.22	0.13455
131.19	0.13454
131.128	0.13454
131.081	0.13453
130.998	0.13452
130.98	0.13451
130.899	0.1345
130.846	0.13452
130.787	0.13448
130.756	0.1345
130.689	0.13448
130.637	0.13449
130.561	0.13446
130.547	0.13445
130.468	0.13447
130.418	0.13445
130.35	0.13442
130.317	0.13445
130.256	0.13443
130.209	0.13444
130.127	0.1344
130.109	0.13443
130.022	0.13443
129.977	0.1344
129.917	0.13439
129.885	0.1344
129.814	0.13438
129.766	0.13438
129.687	0.13437
129.671	0.13436
129.596	0.13437
129.55	0.13434
129.489	0.13434
129.456	0.13433
129.394	0.13433
129.348	0.13433
129.269	0.1343
129.248	0.13433
129.166	0.13429
129.119	0.13432
129.055	0.1343
129.021	0.13429
128.949	0.1343
128.901	0.13427
128.828	0.13428
128.812	0.13427
128.734	0.13426
128.686	0.13427
128.625	0.13426
128.596	0.13425
128.533	0.13421
128.482	0.13423
128.395	0.13424
128.379	0.13423
128.298	0.13421
128.245	0.13421
128.183	0.13421
128.152	0.13418
128.093	0.13418
128.048	0.13419
127.976	0.13418
127.961	0.13416
127.888	0.13415
127.843	0.13416
127.782	0.13414
127.744	0.13415
127.67	0.13414
127.612	0.13413
127.533	0.13412
127.518	0.13412
127.44	0.1341
127.388	0.13412
127.328	0.13409
127.298	0.13411
127.236	0.13408
127.189	0.13408
127.095	0.13406
127.073	0.13406
126.999	0.13406
126.955	0.13408
126.881	0.13406
126.85	0.13404
126.785	0.13405
126.739	0.13404
126.661	0.13402
126.647	0.13403
126.57	0.13402
126.524	0.13403
126.463	0.13401
126.433	0.134
126.374	0.134
126.324	0.13401
126.245	0.13398
126.228	0.13399
126.147	0.13398
126.097	0.13397
126.03	0.13396
125.997	0.13396
125.937	0.13395
125.893	0.13394
125.811	0.13393
125.792	0.13392
125.714	0.13393
125.671	0.13392
125.607	0.1339
125.577	0.13392
125.51	0.1339
125.458	0.13391
125.382	0.13389
125.366	0.13389
125.285	0.13388
125.24	0.13387
125.176	0.13386
125.145	0.13387
125.072	0.13387
125.029	0.13385
124.943	0.13384
124.927	0.13385
124.852	0.13384
124.804	0.13383
124.748	0.13384
124.72	0.13382
124.659	0.1338
124.611	0.1338
124.531	0.13381
124.517	0.13378
124.444	0.13379
124.401	0.13379
124.341	0.13376
124.31	0.13376
124.249	0.13376
124.206	0.13376
124.127	0.13376
124.108	0.13375
124.024	0.13372
123.972	0.13374
123.915	0.13375
123.885	0.13372
123.827	0.13372
123.782	0.13372
123.703	0.13368
123.687	0.13371
123.604	0.1337
123.561	0.13369
123.502	0.13369
123.47	0.13369
123.412	0.13367
123.367	0.13365
123.296	0.13366
123.282	0.13366
123.212	0.13365
123.166	0.13363
123.112	0.13364
123.083	0.13365
123.019	0.13363
122.966	0.13362
122.891	0.13362
122.875	0.13361
122.791	0.13362
122.739	0.13361
122.68	0.13359
122.652	0.13359
122.591	0.1336
122.54	0.13358
122.466	0.13356
122.453	0.13357
122.372	0.13355
122.327	0.13357
122.27	0.13356
122.24	0.13356
122.179	0.13356
122.134	0.13353
122.057	0.13352
122.039	0.13353
121.962	0.13353
121.917	0.13352
121.856	0.1335
121.825	0.1335
121.763	0.1335
121.721	0.13351
121.649	0.13348
121.634	0.13346
121.552	0.13348
121.502	0.13346
121.443	0.13345
121.415	0.13346
121.356	0.13345
121.312	0.13344
121.233	0.13345
121.219	0.13343
121.142	0.13344
121.096	0.13342
121.035	0.13342
120.999	0.13341
120.93	0.13341
120.882	0.13342
120.799	0.13339
120.784	0.13339
120.71	0.13339
120.667	0.13339
120.607	0.13339
120.574	0.13337
120.513	0.13337
120.471	0.13338
120.401	0.13336
120.385	0.13336
120.307	0.13334
120.265	0.13334
120.206	0.13334
120.178	0.13334
120.12	0.13333
120.075	0.13332
120.003	0.13331
119.987	0.13331
119.914	0.1333
119.867	0.13329
119.806	0.13328
119.778	0.13332
119.723	0.13328
119.679	0.13329
119.604	0.13328
119.59	0.13327
119.519	0.13328
119.477	0.13325
119.415	0.13325
119.382	0.13324
119.319	0.13324
119.273	0.13325
119.202	0.13324
119.188	0.13323
119.12	0.13322
119.077	0.13322
119.018	0.13321
118.991	0.1332
118.937	0.13321
118.893	0.13319
118.819	0.13319
118.803	0.13318
118.734	0.13317
118.696	0.13317
118.642	0.13317
118.611	0.13319
118.552	0.13316
118.511	0.13316
118.441	0.13315
118.428	0.13314
118.36	0.13313
118.317	0.13313
118.255	0.13313
118.224	0.13312
118.161	0.13311
118.112	0.13311
118.033	0.13312
118.02	0.1331
117.946	0.13309
117.898	0.13308
117.838	0.13308
117.81	0.13308
117.755	0.13307
117.713	0.13307
117.642	0.13307
117.629	0.13306
117.561	0.13306
117.517	0.13306
117.454	0.13304
117.426	0.13304
117.371	0.13302
117.329	0.13303
117.248	0.13301
117.234	0.13301
117.161	0.13302
117.116	0.133
117.06	0.133
117.033	0.133
116.97	0.133
116.926	0.13298
116.853	0.13298
116.838	0.13299
116.762	0.13297
116.717	0.13298
116.656	0.13295
116.626	0.13294
116.566	0.13296
116.522	0.13296
116.443	0.13294
116.427	0.13293
116.348	0.13294
116.303	0.13293
116.245	0.13294
116.217	0.13292
116.159	0.13292
116.117	0.13292
116.04	0.1329
116.025	0.1329
115.957	0.1329
115.91	0.13288
115.85	0.13289
115.821	0.13288
115.766	0.13287
115.72	0.13286
115.638	0.13286
115.623	0.13286
115.539	0.13287
115.49	0.13285
115.429	0.13284
115.401	0.13284
115.34	0.13284
115.293	0.13283
115.219	0.13283
115.205	0.13282
115.135	0.13282
115.092	0.1328
115.041	0.13281
115.016	0.13281
114.962	0.13279
114.917	0.13279
114.847	0.1328
114.83	0.13279
114.758	0.13279
114.714	0.13279
114.657	0.13277
114.628	0.13277
114.571	0.13276
114.53	0.13275
114.456	0.13275
114.442	0.13275
114.366	0.13274
114.323	0.13274
114.268	0.13272
114.239	0.13272
114.183	0.13274
114.14	0.13272
114.073	0.13271
114.059	0.13271
113.984	0.1327
113.939	0.1327
113.882	0.1327
113.857	0.13268
113.8	0.13268
113.758	0.13267
113.689	0.13267
113.676	0.13269
113.591	0.13267
113.542	0.13266
113.486	0.13265
113.458	0.13266
113.404	0.13263
113.358	0.13263
113.283	0.13263
113.27	0.13262
113.201	0.13261
113.159	0.13261
113.099	0.1326
113.069	0.13261
113.015	0.13261
112.967	0.13259
112.895	0.1326
112.881	0.13259
112.811	0.13259
112.772	0.13257
112.719	0.13258
112.692	0.13257
112.633	0.13256
112.583	0.13256
112.505	0.13256
112.49	0.13255
112.422	0.13255
112.379	0.13255
112.327	0.13254
112.298	0.13254
112.247	0.13254
112.206	0.13253
112.139	0.13252
112.126	0.13251
112.056	0.1325
112.013	0.1325
111.957	0.13251
111.928	0.13249
111.866	0.13249
111.82	0.13248
111.747	0.13249
111.732	0.13247
111.667	0.13247
111.627	0.13247
111.573	0.13246
111.545	0.13247
111.491	0.13246
111.446	0.13246
111.376	0.13244
111.36	0.13245
111.282	0.13244
111.237	0.13242
111.174	0.13244
111.145	0.13242
111.085	0.13242
111.044	0.13242
110.971	0.13241
110.957	0.13241
110.89	0.1324
110.85	0.13239
110.794	0.13237
110.765	0.13239
110.711	0.13238
110.667	0.13238
110.601	0.13237
110.589	0.13237
110.509	0.13236
110.466	0.13237
110.413	0.13235
110.386	0.13236
110.318	0.13234
110.284	0.13234
110.213	0.13234
110.198	0.13232
110.132	0.13233
110.095	0.13233
110.041	0.13231
110.015	0.13232
109.96	0.1323
109.917	0.1323
109.846	0.1323
109.832	0.13229
109.765	0.13229
109.728	0.13228
109.677	0.13228
109.65	0.13228
109.594	0.13227
109.555	0.13226
109.484	0.13227
109.469	0.13226
109.389	0.13225
109.347	0.13225
109.292	0.13225
109.265	0.13224
109.2	0.13224
109.156	0.13224
109.087	0.13223
109.069	0.13222
108.993	0.13222
108.945	0.13221
108.889	0.13222
108.861	0.13221
108.809	0.1322
108.77	0.1322
108.705	0.13219
108.692	0.13219
108.624	0.13218
108.586	0.13218
108.53	0.13218
108.501	0.13217
108.451	0.13217
108.412	0.13216
108.345	0.13216
108.332	0.13215
108.265	0.13215
108.224	0.13215
108.176	0.13215
108.152	0.13214
108.098	0.13214
108.059	0.13214
107.997	0.13212
107.983	0.13212
107.919	0.13212
107.879	0.1321
107.829	0.1321
107.802	0.1321
107.744	0.1321
107.7	0.13208
107.634	0.13209
107.62	0.13208
107.544	0.13208
107.501	0.13208
107.445	0.13206
107.417	0.13206
107.356	0.13206
107.31	0.13205
107.238	0.13205
107.222	0.13205
107.147	0.13205
107.099	0.13204
107.039	0.13202
107.009	0.13203
106.955	0.13203
106.916	0.13201
106.847	0.13201
106.834	0.13202
106.764	0.13201
106.72	0.13203
106.661	0.132
106.632	0.132
106.576	0.13199
106.536	0.13198
106.472	0.13197
106.459	0.13196
106.391	0.13197
106.348	0.13197
106.287	0.13197
106.261	0.13197
106.21	0.13196
106.166	0.13195
106.1	0.13195
106.087	0.13195
106.025	0.13194
105.989	0.13193
105.938	0.13193
105.91	0.13192
105.852	0.13193
105.813	0.13192
105.737	0.13192
105.722	0.13192
105.656	0.1319
105.615	0.1319
105.554	0.13189
105.526	0.13189
105.472	0.13189
105.432	0.13188
105.363	0.13188
105.346	0.13188
105.257	0.13187
105.217	0.13186
105.166	0.13187
105.141	0.13186
105.089	0.13186
105.045	0.13185
104.978	0.13185
104.965	0.13184
104.903	0.13184
104.861	0.13183
104.809	0.13184
104.786	0.13183
104.739	0.13181
104.698	0.13182
104.633	0.13181
104.621	0.13179
104.552	0.1318
104.513	0.1318
104.455	0.1318
104.427	0.13179
104.366	0.13179
104.321	0.13179
104.254	0.13177
104.241	0.13178
104.177	0.13178
104.142	0.13176
104.09	0.13176
104.066	0.13175
104.019	0.13175
103.984	0.13176
103.922	0.13174
103.911	0.13174
103.843	0.13174
103.801	0.13173
103.749	0.13173
103.722	0.13172
103.668	0.13172
103.625	0.13172
103.549	0.1317
103.536	0.13171
103.468	0.13171
103.431	0.13169
103.378	0.1317
103.35	0.13169
103.296	0.13169
103.26	0.13168
103.184	0.13168
103.169	0.13168
103.105	0.13167
103.065	0.13166
103.01	0.13168
102.983	0.13166
102.93	0.13166
102.886	0.13165
102.821	0.13164
102.808	0.13165
102.746	0.13164
102.709	0.13163
102.656	0.13164
102.63	0.13163
102.57	0.13162
102.531	0.13163
102.463	0.13161
102.451	0.13161
102.387	0.1316
102.347	0.13161
102.29	0.1316
102.264	0.13159
102.214	0.13159
102.174	0.13158
102.111	0.13158
102.099	0.1316
102.024	0.13158
101.986	0.13157
101.936	0.13157
101.91	0.13155
101.863	0.13156
101.826	0.13155
101.755	0.13154
101.74	0.13155
101.678	0.13153
101.641	0.13154
101.59	0.13153
101.566	0.13155
101.51	0.13153
101.47	0.13152
101.42	0.13151
101.404	0.13152
101.33	0.13152
101.292	0.13151
101.242	0.13151
101.216	0.1315
101.163	0.13149
101.121	0.13148
101.059	0.13148
101.048	0.13149
