283.137	0.165
282.493	0.16481
282.058	0.16469
281.383	0.1645
281.149	0.16443
280.478	0.16424
280.031	0.16412
279.353	0.16396
279.142	0.16389
278.473	0.16373
278.013	0.16362
277.315	0.16344
277.091	0.16337
276.402	0.1632
275.951	0.16309
275.275	0.16292
275.062	0.16286
274.413	0.16271
273.987	0.16259
273.333	0.16244
273.13	0.16239
272.478	0.16222
272.048	0.16212
271.432	0.16198
271.218	0.16194
270.595	0.16179
270.181	0.1617
269.586	0.16154
269.385	0.1615
268.796	0.16136
268.387	0.16128
267.815	0.16113
267.613	0.16106
267.043	0.16095
266.66	0.16085
266.113	0.16072
265.912	0.16068
265.335	0.16056
264.958	0.16047
264.383	0.16032
264.205	0.16029
263.655	0.16019
263.291	0.16008
262.745	0.15997
262.576	0.15992
262.039	0.15981
261.69	0.15972
261.159	0.15959
260.991	0.15957
260.474	0.15947
260.132	0.15938
259.613	0.15926
259.448	0.15922
258.94	0.15911
258.609	0.15903
258.12	0.15893
257.952	0.15889
257.46	0.1588
257.136	0.15871
256.649	0.15861
256.495	0.15856
256.002	0.15847
255.687	0.1584
255.237	0.1583
255.078	0.15826
254.627	0.15817
254.325	0.15809
253.876	0.158
253.721	0.15796
253.277	0.15786
252.983	0.1578
252.54	0.15773
252.388	0.15769
251.946	0.1576
251.648	0.15754
251.214	0.15742
251.079	0.1574
250.656	0.15729
250.379	0.15726
249.96	0.15717
249.829	0.15714
249.419	0.15704
249.148	0.15699
248.743	0.15691
248.615	0.15688
248.213	0.15679
247.948	0.15675
247.555	0.15665
247.42	0.15662
247.034	0.15656
246.778	0.1565
246.39	0.15641
246.267	0.15638
245.886	0.15631
245.632	0.15625
245.261	0.15618
245.136	0.15615
244.778	0.15609
244.527	0.15603
244.16	0.15596
244.035	0.15592
243.684	0.15586
243.448	0.1558
243.086	0.15573
242.962	0.1557
242.619	0.15563
242.391	0.15559
242.041	0.15553
241.931	0.15549
241.591	0.15544
241.362	0.15538
241.023	0.15531
240.916	0.1553
240.581	0.15523
240.364	0.15517
240.033	0.15512
239.929	0.15509
239.606	0.15503
239.393	0.15499
239.074	0.15493
238.974	0.15491
238.66	0.15485
238.45	0.15481
238.138	0.15474
238.038	0.15471
237.727	0.15467
237.527	0.15463
237.231	0.15455
237.129	0.15454
236.829	0.15447
236.625	0.15444
236.325	0.15439
236.222	0.15437
235.936	0.15431
235.745	0.15426
235.461	0.15421
235.366	0.1542
235.089	0.15413
234.904	0.1541
234.63	0.15404
234.541	0.15402
234.267	0.15398
234.089	0.15394
233.81	0.15388
233.723	0.15387
233.448	0.15381
233.273	0.15378
233.012	0.15373
232.93	0.15373
232.676	0.15366
232.511	0.15362
232.255	0.15357
232.172	0.15356
231.92	0.1535
231.756	0.15348
231.504	0.15343
231.423	0.15341
231.176	0.15337
231.014	0.15334
230.77	0.15329
230.695	0.15327
230.454	0.15323
230.294	0.15319
230.06	0.15315
229.977	0.15313
229.729	0.15309
229.562	0.15306
229.329	0.15301
229.247	0.15299
229.023	0.15295
228.866	0.15291
228.635	0.15288
228.55	0.15285
228.318	0.15283
228.171	0.15279
227.952	0.15274
227.877	0.15275
227.66	0.15268
227.522	0.15265
227.309	0.15263
227.237	0.15261
227.023	0.15257
226.879	0.15254
226.657	0.1525
226.587	0.15249
226.375	0.15245
226.237	0.15244
226.035	0.15238
225.965	0.15237
225.764	0.15233
225.617	0.15231
225.404	0.15227
225.341	0.15225
225.148	0.15223
225.021	0.15219
224.818	0.15216
224.755	0.15214
224.553	0.15211
224.422	0.15208
224.239	0.15205
224.173	0.15203
223.984	0.15201
223.862	0.15198
223.684	0.15194
223.618	0.15193
223.431	0.15189
223.315	0.15186
223.136	0.15183
223.076	0.15182
222.911	0.1518
222.795	0.15176
222.623	0.15174
222.565	0.15174
222.393	0.1517
222.269	0.15166
222.084	0.15165
222.023	0.15162
221.856	0.15159
221.744	0.15157
221.568	0.15154
221.505	0.15152
221.338	0.15148
221.22	0.15146
221.047	0.15144
220.99	0.15146
220.829	0.1514
220.718	0.15137
220.552	0.15136
220.493	0.15133
220.335	0.15131
220.231	0.15129
220.083	0.15125
220.031	0.15124
219.874	0.15122
219.769	0.15119
219.615	0.15117
219.564	0.15115
219.408	0.15113
219.306	0.15112
219.156	0.15108
219.109	0.15108
218.963	0.15105
218.856	0.15102
218.698	0.15099
218.649	0.15099
218.493	0.15097
218.397	0.15095
218.259	0.15091
218.207	0.1509
218.067	0.15088
217.974	0.15085
217.825	0.15082
217.771	0.15083
217.622	0.15079
217.523	0.15078
217.386	0.15075
217.337	0.15074
217.204	0.15071
217.114	0.15069
216.985	0.15067
216.933	0.15066
216.784	0.15064
216.687	0.15063
216.542	0.1506
216.498	0.15059
216.375	0.15055
216.288	0.15055
216.154	0.15052
216.109	0.15051
215.982	0.15049
215.899	0.15049
215.77	0.15045
215.727	0.15043
215.61	0.15042
215.529	0.15039
215.409	0.15038
215.36	0.15036
215.231	0.15034
215.153	0.15034
215.03	0.15031
214.994	0.15029
214.865	0.15027
214.777	0.15026
214.653	0.15024
214.612	0.15023
214.476	0.15021
214.388	0.1502
214.275	0.15017
214.234	0.15015
214.117	0.15014
214.039	0.15013
213.924	0.1501
213.886	0.15009
213.772	0.15007
213.696	0.15006
213.588	0.15003
213.549	0.15003
213.43	0.15
213.358	0.14999
213.237	0.14997
213.2	0.14997
213.083	0.14994
213.004	0.14993
212.897	0.14992
212.861	0.1499
212.755	0.1499
212.688	0.14987
212.581	0.14986
212.544	0.14984
212.44	0.14982
212.355	0.14982
212.234	0.1498
212.197	0.14978
212.088	0.14975
212.017	0.14975
211.917	0.14973
211.881	0.14972
211.787	0.1497
211.72	0.14969
211.61	0.14967
211.572	0.14967
211.451	0.14964
211.362	0.14963
211.25	0.14961
211.211	0.14959
211.116	0.1496
211.054	0.14959
210.963	0.14956
210.93	0.14955
210.837	0.14953
210.774	0.14952
210.67	0.14949
210.637	0.14949
210.533	0.14948
210.464	0.14947
210.367	0.14945
210.333	0.14944
210.237	0.14943
210.177	0.14941
200.064	0.14939
202.506	0.14937
206.838	0.14937
208.141	0.14936
209.057	0.14934
209.198	0.14933
209.409	0.14932
209.445	0.1493
209.421	0.14929
209.404	0.14928
209.329	0.14927
209.268	0.14924
209.18	0.14924
209.149	0.14924
209.056	0.14923
208.997	0.1492
208.908	0.14918
208.876	0.14917
208.776	0.14917
208.708	0.14915
208.602	0.14915
208.564	0.14914
208.468	0.14912
208.41	0.1491
208.328	0.14909
208.3	0.14909
208.219	0.14906
208.161	0.14905
208.08	0.14903
208.05	0.14902
207.964	0.14901
207.9	0.149
207.808	0.14899
207.777	0.14899
207.693	0.14896
207.629	0.14895
207.531	0.14895
207.501	0.14893
207.413	0.14892
207.358	0.14891
207.278	0.1489
207.25	0.14889
207.157	0.14888
207.098	0.14886
207.019	0.14885
206.996	0.14885
206.922	0.14883
206.873	0.14882
206.789	0.1488
206.765	0.1488
206.684	0.14879
206.627	0.14877
206.549	0.14875
206.522	0.14876
206.434	0.14875
206.371	0.14874
206.293	0.14871
206.268	0.14872
206.188	0.1487
206.133	0.14868
206.055	0.14866
206.027	0.14866
205.941	0.14865
205.885	0.14865
205.803	0.14863
205.777	0.14863
205.691	0.14861
205.64	0.1486
205.564	0.14859
205.537	0.14858
205.455	0.14857
205.398	0.14856
205.323	0.14855
205.294	0.14853
205.208	0.14852
205.155	0.14851
205.084	0.1485
205.06	0.1485
204.992	0.14848
204.943	0.14847
204.874	0.14846
204.851	0.14845
204.783	0.14844
204.737	0.14843
204.669	0.14842
204.646	0.14841
204.574	0.1484
204.525	0.1484
204.452	0.14838
204.431	0.14837
204.363	0.14836
204.316	0.14835
204.245	0.14836
204.223	0.14835
204.147	0.14832
204.1	0.14832
204.033	0.14831
204.012	0.1483
203.945	0.14829
203.903	0.14827
203.84	0.14826
203.819	0.14825
203.742	0.14825
203.695	0.14823
203.628	0.14822
203.605	0.14822
203.532	0.1482
203.491	0.1482
203.428	0.14817
203.404	0.14818
203.336	0.14817
203.291	0.14815
203.224	0.14815
203.201	0.14815
203.127	0.14814
203.079	0.14813
203.005	0.14811
202.978	0.14811
202.909	0.1481
202.864	0.14809
202.797	0.14805
202.772	0.14805
202.695	0.14806
202.633	0.14805
202.56	0.14805
202.536	0.14803
202.47	0.14803
202.423	0.14801
202.353	0.148
202.331	0.14799
202.268	0.14798
202.223	0.14797
202.154	0.14797
202.131	0.14795
202.07	0.14795
202.024	0.14796
201.96	0.14792
201.938	0.14793
201.871	0.14792
201.824	0.1479
201.749	0.14789
201.726	0.14788
201.667	0.14788
201.626	0.14786
201.568	0.14786
201.55	0.14785
201.49	0.14784
201.443	0.14784
201.383	0.14783
201.365	0.14782
201.303	0.14781
201.264	0.1478
201.202	0.14779
201.183	0.14778
201.124	0.14778
201.077	0.14775
201.011	0.14776
200.99	0.14776
200.926	0.14774
200.889	0.14773
200.835	0.14771
200.814	0.14772
200.752	0.14771
200.712	0.1477
200.65	0.14769
200.628	0.14767
200.571	0.14767
200.529	0.14765
200.464	0.14766
200.44	0.14764
200.383	0.14763
200.343	0.14762
200.277	0.14762
200.255	0.14761
200.19	0.14759
200.143	0.1476
200.067	0.14758
200.042	0.14757
199.977	0.14758
199.938	0.14758
199.886	0.14755
199.869	0.14755
199.811	0.14755
199.772	0.14753
199.703	0.14752
199.683	0.1475
199.618	0.14749
199.58	0.14749
199.528	0.14748
199.512	0.14747
199.464	0.14747
199.431	0.14745
199.375	0.14745
199.354	0.14744
199.295	0.14743
199.258	0.14743
199.2	0.14741
199.179	0.14741
199.117	0.1474
199.074	0.14739
199.01	0.14739
198.988	0.14738
198.914	0.14738
198.864	0.14735
198.794	0.14735
198.77	0.14735
198.708	0.14733
198.66	0.14734
198.595	0.14733
198.577	0.14731
198.53	0.14731
198.497	0.14729
198.434	0.14729
198.41	0.14729
198.342	0.14728
198.299	0.14727
198.242	0.14727
198.225	0.14724
198.158	0.14724
198.12	0.14723
198.067	0.14724
198.048	0.14723
197.991	0.14722
197.953	0.14722
197.898	0.1472
197.881	0.1472
197.827	0.14718
197.79	0.14716
197.728	0.14717
197.707	0.14717
197.647	0.14715
197.612	0.14714
197.555	0.14713
197.537	0.14713
197.476	0.14713
197.437	0.14712
197.382	0.1471
197.367	0.14709
197.311	0.14709
197.273	0.14708
197.217	0.14708
197.201	0.14706
197.152	0.14707
197.118	0.14706
197.055	0.14704
197.034	0.14704
196.982	0.14705
196.944	0.14703
196.886	0.14701
196.866	0.14701
196.811	0.14699
196.775	0.14699
196.722	0.14697
196.7	0.14699
196.649	0.14697
196.615	0.14698
196.563	0.14696
196.541	0.14695
196.484	0.14694
196.452	0.14692
196.401	0.14694
196.381	0.14693
196.329	0.14692
196.296	0.1469
196.246	0.14689
196.229	0.14688
196.176	0.14688
196.138	0.14688
196.077	0.14688
196.054	0.14685
195.993	0.14685
195.961	0.14684
195.918	0.14684
195.899	0.14684
195.841	0.14682
195.807	0.1468
195.756	0.14681
195.736	0.1468
195.674	0.14681
195.64	0.14679
195.579	0.1468
195.561	0.14678
195.51	0.14677
195.479	0.14676
195.43	0.14676
195.414	0.14675
195.363	0.14674
195.329	0.14673
195.264	0.14672
195.245	0.14673
195.192	0.14673
195.155	0.14669
195.1	0.1467
195.08	0.14669
195.022	0.14667
194.98	0.14668
194.922	0.14667
194.904	0.14666
194.854	0.14666
194.823	0.14665
194.766	0.14663
194.743	0.14663
194.684	0.14662
194.646	0.14661
194.597	0.1466
194.58	0.14661
194.522	0.1466
194.484	0.1466
194.427	0.14659
194.408	0.14657
194.347	0.14656
194.31	0.14656
194.254	0.14656
194.238	0.14654
194.19	0.14654
194.158	0.14653
194.098	0.14652
194.08	0.14653
194.018	0.1465
193.983	0.14649
193.927	0.1465
193.91	0.14649
193.854	0.1465
193.82	0.14646
193.764	0.14646
193.745	0.14646
193.686	0.14646
193.644	0.14644
193.59	0.14642
193.573	0.14642
193.523	0.1464
193.489	0.14642
193.428	0.14641
193.405	0.14641
193.349	0.1464
193.316	0.14639
193.263	0.14638
193.247	0.14637
193.196	0.14636
193.158	0.14636
193.103	0.14636
193.085	0.14634
193.025	0.14633
192.988	0.14633
192.938	0.14632
192.922	0.14632
192.869	0.14631
192.819	0.1463
192.751	0.14629
192.732	0.14631
192.673	0.14628
192.637	0.14627
192.587	0.14626
192.566	0.14626
192.51	0.14625
192.475	0.14625
192.425	0.14624
192.403	0.14624
192.339	0.14624
192.319	0.14622
192.295	0.14621
192.269	0.14622
192.2	0.14619
192.163	0.14619
192.096	0.14619
192.079	0.14618
192.026	0.14618
191.987	0.14616
191.935	0.14615
191.919	0.14615
191.858	0.14615
191.82	0.14614
191.756	0.14613
191.737	0.14612
191.677	0.1461
191.639	0.1461
191.576	0.14609
191.558	0.14609
191.5	0.14608
191.448	0.14607
191.391	0.14605
191.374	0.14607
191.328	0.14605
191.298	0.14604
191.252	0.14604
191.233	0.14603
191.17	0.14602
191.137	0.14602
191.087	0.14601
191.071	0.14602
191	0.14599
190.955	0.14599
190.908	0.14597
190.889	0.14599
190.823	0.14597
190.785	0.14597
190.738	0.14594
190.725	0.14594
190.678	0.14593
190.633	0.14594
190.559	0.14591
190.544	0.14592
190.493	0.14591
190.457	0.14591
190.413	0.14589
190.398	0.1459
190.337	0.14586
190.293	0.14587
190.243	0.14586
190.23	0.14586
190.176	0.14586
190.139	0.14585
190.089	0.14583
190.071	0.14584
190.019	0.14582
189.981	0.14583
189.923	0.14582
189.906	0.14581
189.854	0.1458
189.82	0.1458
189.766	0.14577
189.75	0.14578
189.703	0.14577
189.671	0.14576
189.625	0.14575
189.609	0.14576
189.561	0.14573
189.526	0.14574
189.465	0.14571
189.446	0.14572
189.393	0.14572
189.355	0.14572
189.302	0.14569
189.276	0.14569
189.215	0.14568
189.181	0.14567
189.125	0.14568
189.107	0.14565
189.054	0.14566
189.024	0.14566
188.964	0.14564
188.944	0.14563
188.894	0.14564
188.855	0.14562
188.801	0.14561
188.783	0.14561
188.727	0.14561
188.693	0.14561
188.642	0.1456
188.622	0.14556
188.569	0.14557
188.533	0.14556
188.476	0.14554
188.458	0.14557
188.406	0.14554
188.366	0.14554
188.308	0.14552
188.288	0.14552
188.23	0.14551
188.199	0.14548
188.148	0.14549
188.132	0.1455
188.076	0.14547
188.035	0.14548
187.966	0.14546
187.947	0.14546
187.88	0.14545
187.839	0.14546
187.777	0.14545
187.757	0.14545
187.696	0.14544
187.655	0.14541
187.594	0.1454
187.57	0.1454
187.498	0.14539
187.446	0.14539
187.371	0.14539
187.35	0.14538
187.285	0.14537
187.249	0.14536
187.191	0.14534
187.167	0.14535
187.116	0.14532
187.075	0.14533
187.007	0.14532
186.988	0.14529
186.934	0.1453
186.893	0.14532
186.815	0.1453
186.79	0.14527
186.705	0.14527
186.667	0.14527
186.611	0.14526
186.59	0.14525
186.513	0.14524
186.463	0.14524
186.401	0.14521
186.387	0.14522
186.341	0.14522
186.304	0.1452
186.237	0.1452
186.213	0.14519
186.149	0.14518
186.113	0.14517
186.036	0.14516
186.014	0.14517
185.951	0.14515
185.912	0.14515
185.866	0.14515
185.851	0.14514
185.806	0.14513
185.761	0.1451
185.695	0.14512
185.675	0.14509
185.607	0.14509
185.564	0.14509
185.501	0.14505
185.484	0.14507
185.436	0.14506
185.389	0.14506
185.326	0.14504
185.307	0.14505
185.24	0.14504
185.195	0.14501
185.149	0.14501
185.131	0.14501
185.064	0.145
185.024	0.145
184.958	0.145
184.93	0.14499
184.867	0.145
184.823	0.14498
184.768	0.14495
184.742	0.14493
184.68	0.14494
184.642	0.14493
184.566	0.14493
184.546	0.1449
184.482	0.1449
184.439	0.14489
184.383	0.1449
184.364	0.14488
184.304	0.14489
184.253	0.14487
184.182	0.14486
184.157	0.14484
184.07	0.14483
184.032	0.14484
183.965	0.14483
183.943	0.14482
183.878	0.14481
183.837	0.1448
183.771	0.14481
183.745	0.14478
183.685	0.14477
183.642	0.14477
183.583	0.14477
183.558	0.14477
183.488	0.14474
183.443	0.14474
183.379	0.14474
183.357	0.14474
183.279	0.1447
183.234	0.14472
183.179	0.14468
183.161	0.14469
183.092	0.14468
183.031	0.14468
182.972	0.14466
182.954	0.14466
182.896	0.14466
182.856	0.14463
182.8	0.14463
182.782	0.14463
182.727	0.14461
182.683	0.14462
182.614	0.14461
182.596	0.1446
182.524	0.14461
182.478	0.14458
182.424	0.14458
182.409	0.14456
182.35	0.14455
182.315	0.14453
182.251	0.14453
182.232	0.14453
182.179	0.14452
182.134	0.14452
182.074	0.14449
182.056	0.14449
181.986	0.14448
181.946	0.1445
181.887	0.14447
181.866	0.14448
181.78	0.14445
181.73	0.14443
181.666	0.14444
181.646	0.14445
181.586	0.14443
181.546	0.14441
181.482	0.14441
181.456	0.1444
181.388	0.14439
181.342	0.14437
181.276	0.14434
181.253	0.14438
181.19	0.14437
181.147	0.14437
181.087	0.14431
181.067	0.14435
180.982	0.14433
180.93	0.14434
180.849	0.14429
180.821	0.1443
180.761	0.1443
180.717	0.14429
180.635	0.14426
180.614	0.14426
180.558	0.14424
180.519	0.14424
180.457	0.14424
180.432	0.14423
180.361	0.14422
180.313	0.14421
180.253	0.14421
180.233	0.14419
180.172	0.14418
180.126	0.14418
180.063	0.14418
180.047	0.14418
179.989	0.14417
179.942	0.14416
179.887	0.14415
179.867	0.14413
179.792	0.14414
179.73	0.14414
179.648	0.14411
179.623	0.14409
179.562	0.14408
179.525	0.14408
179.458	0.14406
179.429	0.14408
179.324	0.14405
179.263	0.14401
179.194	0.14402
179.174	0.14403
179.113	0.14403
179.076	0.14401
178.998	0.14398
178.966	0.14399
178.868	0.14399
178.823	0.14399
178.752	0.144
178.726	0.14396
178.621	0.14395
178.571	0.14394
178.501	0.1439
178.483	0.14392
178.419	0.14392
178.369	0.14389
178.294	0.14392
178.268	0.14391
178.196	0.14388
178.144	0.14388
178.065	0.14387
178.039	0.14386
177.961	0.14385
177.913	0.14383
177.825	0.14385
177.803	0.14382
177.727	0.14382
177.669	0.14381
177.587	0.14379
177.555	0.14378
177.475	0.14378
177.418	0.14378
177.355	0.14375
177.332	0.14375
177.259	0.14375
177.204	0.14373
177.13	0.14371
177.108	0.14372
177.036	0.1437
176.982	0.14369
176.913	0.14368
176.894	0.14368
176.824	0.14366
176.775	0.14365
176.685	0.14365
176.656	0.14364
176.564	0.14362
176.514	0.14365
176.417	0.14361
176.391	0.14359
176.322	0.14361
176.261	0.14358
176.164	0.14357
176.138	0.14356
176.066	0.14354
176.025	0.14357
175.953	0.14354
175.923	0.14354
175.847	0.14353
175.794	0.14351
175.711	0.14349
175.681	0.14348
175.611	0.14347
175.561	0.14347
175.506	0.14347
175.481	0.14345
175.426	0.14348
175.376	0.14341
175.288	0.14342
175.263	0.14343
175.195	0.1434
175.153	0.1434
175.048	0.1434
175.012	0.1434
174.936	0.1434
174.881	0.14337
174.816	0.14335
174.793	0.14336
174.719	0.14336
174.663	0.14334
174.568	0.14332
174.533	0.14331
174.453	0.14331
174.408	0.14329
174.348	0.14327
174.325	0.14328
174.269	0.14326
174.227	0.14325
174.127	0.14325
174.089	0.14324
173.991	0.14325
173.945	0.14324
173.852	0.1432
173.817	0.14319
173.748	0.14321
173.707	0.14318
173.624	0.14316
173.59	0.14315
173.505	0.14315
173.443	0.14315
173.349	0.14312
173.318	0.14314
173.224	0.14313
173.177	0.14309
173.091	0.1431
173.055	0.1431
172.943	0.14308
172.872	0.14306
172.787	0.14306
172.757	0.14308
172.678	0.14304
172.622	0.14305
172.542	0.14301
172.515	0.14301
172.433	0.14302
172.381	0.143
172.314	0.143
172.284	0.14298
172.193	0.14298
172.131	0.14295
172.068	0.14297
172.049	0.14292
171.967	0.14291
171.902	0.14294
171.802	0.1429
171.778	0.14292
171.707	0.1429
171.627	0.14287
171.536	0.14287
171.514	0.1429
171.437	0.14286
171.394	0.14285
171.302	0.14283
171.268	0.14283
171.152	0.14281
171.102	0.14278
171	0.1428
170.972	0.14278
170.891	0.14278
170.841	0.14277
170.781	0.14273
170.761	0.14276
170.686	0.14275
170.625	0.14273
170.51	0.14271
170.477	0.1427
170.395	0.1427
170.326	0.14269
170.245	0.14268
170.229	0.14267
170.163	0.14264
170.112	0.14262
170.033	0.14263
170.01	0.14262
169.918	0.14259
169.854	0.14261
169.785	0.14258
169.763	0.14258
169.681	0.14256
169.61	0.14257
169.508	0.14257
169.477	0.14254
169.4	0.14254
169.343	0.14253
169.24	0.14252
169.198	0.1425
169.117	0.14252
169.057	0.14248
168.957	0.14247
168.924	0.14248
168.823	0.14245
168.775	0.14244
168.66	0.14242
168.62	0.14243
168.52	0.14243
168.477	0.1424
168.381	0.14239
168.353	0.14236
168.262	0.14237
168.209	0.14237
168.116	0.14237
168.093	0.14235
168.023	0.14233
167.954	0.14232
167.862	0.14231
167.833	0.14231
167.743	0.14229
167.703	0.14227
167.623	0.14226
167.594	0.14226
167.493	0.14226
167.443	0.14223
167.371	0.14223
167.348	0.14222
167.26	0.14222
167.198	0.14219
167.078	0.1422
167.048	0.14221
166.957	0.14218
166.898	0.14218
166.813	0.14214
166.784	0.14214
166.694	0.14214
166.633	0.14214
166.557	0.14209
166.537	0.14211
166.458	0.14207
166.4	0.14207
166.311	0.14207
166.286	0.14205
166.213	0.14205
166.149	0.14204
166.061	0.14203
166.026	0.14202
165.919	0.142
165.847	0.14198
165.77	0.14197
165.751	0.14199
165.689	0.14195
165.636	0.14196
165.546	0.14195
165.513	0.14192
165.432	0.1419
165.37	0.14192
165.275	0.14188
165.244	0.1419
165.134	0.14186
165.067	0.14189
164.978	0.14188
164.953	0.14184
164.86	0.14183
164.806	0.14184
164.7	0.14181
164.664	0.1418
164.551	0.1418
164.506	0.14179
164.431	0.14178
164.407	0.14176
164.308	0.14177
164.253	0.14176
164.187	0.14174
164.167	0.14172
164.077	0.14174
164.003	0.1417
163.905	0.14168
163.862	0.14168
163.761	0.14167
163.684	0.14167
163.596	0.14163
163.564	0.14163
163.482	0.14162
163.402	0.14161
163.314	0.14161
163.285	0.14159
163.201	0.14159
163.143	0.14158
163.061	0.14158
163.024	0.14157
162.927	0.14157
162.867	0.14153
162.753	0.14152
162.719	0.14151
162.632	0.14149
162.573	0.14151
162.496	0.14149
162.465	0.14148
162.381	0.14146
162.317	0.14148
162.226	0.14147
162.183	0.14145
162.057	0.14142
161.988	0.14143
161.891	0.1414
161.865	0.14141
161.795	0.1414
161.744	0.14138
161.659	0.14136
161.626	0.14135
161.53	0.14135
161.466	0.14133
161.392	0.14132
161.369	0.14133
161.269	0.1413
161.206	0.14131
161.123	0.14126
161.093	0.14128
161.006	0.14128
160.953	0.14125
160.845	0.14123
160.818	0.14125
160.73	0.14122
160.66	0.1412
160.564	0.1412
160.541	0.14119
160.458	0.14118
160.387	0.14118
160.286	0.14116
160.254	0.14116
160.164	0.14109
160.1	0.14113
160.005	0.14112
159.96	0.1411
159.863	0.1411
159.81	0.14108
159.722	0.14107
159.684	0.14105
159.59	0.14104
159.532	0.14106
159.409	0.14106
159.369	0.14103
159.257	0.141
159.197	0.141
159.128	0.14098
159.105	0.14098
158.999	0.14097
158.928	0.14098
158.835	0.14097
158.805	0.14095
158.705	0.14092
158.653	0.14092
158.57	0.1409
158.544	0.14092
158.453	0.14091
158.397	0.14088
158.298	0.14087
158.268	0.14086
158.157	0.14086
158.092	0.14084
158	0.14081
157.959	0.14081
157.854	0.1408
157.782	0.14078
157.691	0.14078
157.659	0.14076
157.541	0.14075
157.467	0.14076
157.362	0.14072
157.322	0.14072
157.203	0.14071
157.137	0.14072
157.065	0.14071
157.041	0.1407
156.962	0.14067
156.88	0.14067
156.779	0.14064
156.753	0.14065
156.664	0.14065
156.597	0.14063
156.485	0.14062
156.449	0.1406
156.343	0.14059
156.269	0.14058
156.19	0.14057
156.168	0.14057
156.063	0.14058
156.003	0.14052
155.918	0.14053
155.886	0.14052
155.814	0.14053
155.766	0.14048
155.68	0.14049
155.644	0.1405
155.518	0.14046
155.439	0.14046
155.363	0.14045
155.344	0.14044
155.275	0.14042
155.229	0.14042
155.139	0.14042
155.105	0.14042
154.989	0.14038
154.93	0.14038
154.845	0.14035
154.811	0.14035
154.725	0.14033
154.66	0.14034
154.571	0.14032
154.539	0.1403
154.445	0.14033
154.393	0.14031
154.286	0.14027
154.256	0.14026
154.168	0.14026
154.1	0.14026
153.995	0.14023
153.956	0.14023
153.849	0.14022
153.775	0.14021
153.682	0.14019
153.646	0.14019
153.527	0.14019
153.454	0.14016
153.319	0.14012
153.283	0.14014
153.214	0.14013
153.151	0.14014
153.065	0.1401
153.039	0.1401
152.956	0.1401
152.879	0.14007
152.765	0.14006
152.727	0.14006
152.597	0.14004
152.524	0.14005
152.436	0.14003
152.401	0.14004
152.314	0.14
152.258	0.14001
152.137	0.14
152.102	0.13999
151.995	0.13996
151.954	0.13999
151.872	0.13997
151.835	0.13995
151.744	0.13993
151.695	0.13992
151.614	0.1399
151.581	0.1399
151.465	0.13987
151.384	0.13988
151.283	0.13987
151.25	0.13987
151.134	0.13984
151.07	0.13983
150.981	0.13983
150.948	0.13981
150.857	0.13982
150.8	0.13981
150.712	0.13979
150.68	0.13978
150.584	0.13976
150.514	0.13977
150.424	0.13974
150.398	0.13972
150.304	0.13972
150.238	0.13973
150.099	0.13973
150.061	0.13969
149.973	0.13968
149.906	0.13966
149.808	0.13967
149.781	0.13964
149.699	0.13965
149.652	0.13964
149.572	0.1396
149.54	0.13961
149.436	0.13961
149.376	0.13958
149.275	0.13959
149.245	0.13957
149.143	0.13955
149.071	0.13956
148.975	0.13954
148.944	0.13949
148.833	0.13951
148.757	0.13952
148.673	0.13951
148.642	0.13952
148.553	0.13948
148.497	0.13947
148.409	0.13947
148.376	0.13945
148.256	0.13943
148.182	0.13944
148.072	0.13942
148.025	0.13941
147.931	0.13939
147.88	0.13939
147.776	0.13936
147.74	0.13938
147.629	0.13936
147.569	0.13935
147.464	0.13934
147.423	0.13934
147.339	0.13934
147.285	0.1393
147.186	0.13931
147.152	0.13929
147.04	0.13927
146.974	0.13926
146.852	0.13928
146.82	0.13927
146.75	0.13924
146.706	0.13922
146.625	0.13922
146.593	0.13921
146.523	0.13919
146.47	0.13921
146.381	0.13917
146.342	0.13917
146.219	0.13918
146.139	0.13915
146.045	0.13912
146.012	0.13913
145.928	0.13911
145.861	0.13911
145.786	0.13911
145.75	0.13911
145.63	0.13907
145.55	0.13906
145.429	0.13907
145.385	0.13907
145.294	0.13902
145.242	0.139
145.138	0.13903
145.105	0.13901
145.009	0.139
144.939	0.13897
144.851	0.13898
144.821	0.13896
144.704	0.13894
144.64	0.13895
144.564	0.13894
144.537	0.13894
144.423	0.13891
144.348	0.13892
144.253	0.13888
144.223	0.1389
144.137	0.13888
144.06	0.13885
143.954	0.13885
143.925	0.13883
143.835	0.13884
143.761	0.13883
143.685	0.13884
143.643	0.13883
143.537	0.13878
143.468	0.13878
143.359	0.13879
143.311	0.13878
143.214	0.13879
143.15	0.13875
143.057	0.13874
143.019	0.13873
142.922	0.13874
142.861	0.13871
142.765	0.13869
142.731	0.1387
142.629	0.13869
142.564	0.13869
142.472	0.13866
142.438	0.13865
142.323	0.13865
142.253	0.13863
142.141	0.13861
142.106	0.13862
142.026	0.13859
141.964	0.13858
141.874	0.13858
141.843	0.13857
141.733	0.13853
141.666	0.13856
141.566	0.13854
141.538	0.13853
141.448	0.1385
141.387	0.13851
141.264	0.13851
141.235	0.1385
141.13	0.13849
141.071	0.13847
140.979	0.13847
140.951	0.13843
140.838	0.13846
140.779	0.13844
140.691	0.13841
140.653	0.13842
140.534	0.13838
140.47	0.13841
140.353	0.13838
140.321	0.13837
140.225	0.13837
140.167	0.13835
140.059	0.13835
140.028	0.13835
139.961	0.13835
139.893	0.13833
139.8	0.13831
139.772	0.13828
139.674	0.13828
139.597	0.13829
139.507	0.13824
139.473	0.13827
139.392	0.13824
139.3	0.13825
139.202	0.13824
139.169	0.13822
139.07	0.13818
138.997	0.13819
138.894	0.13819
138.859	0.1382
138.747	0.13817
138.683	0.13815
138.588	0.13815
138.564	0.13817
138.496	0.13813
138.443	0.13814
138.342	0.13812
138.308	0.13811
138.226	0.1381
138.165	0.13809
138.073	0.13808
138.046	0.13808
137.965	0.13805
137.894	0.13805
137.797	0.13803
137.764	0.13801
137.673	0.13803
137.599	0.13802
137.496	0.13799
137.465	0.13796
137.351	0.13798
137.273	0.13796
137.17	0.13796
137.138	0.13793
137.058	0.13793
136.986	0.13793
136.883	0.13792
136.847	0.13793
136.751	0.1379
136.69	0.1379
136.603	0.13787
136.572	0.13787
136.447	0.13785
136.358	0.13786
136.255	0.13785
136.232	0.13784
136.159	0.13782
136.102	0.13781
136.012	0.13782
135.974	0.13779
135.875	0.13778
135.804	0.13778
135.723	0.13776
135.685	0.13778
135.574	0.13772
135.503	0.13772
135.414	0.13775
135.385	0.13775
135.248	0.1377
135.159	0.13772
135.067	0.1377
135.044	0.1377
134.947	0.13767
134.877	0.13767
134.792	0.13765
134.765	0.13764
134.666	0.13765
134.605	0.13765
134.46	0.13761
134.432	0.13761
134.347	0.1376
134.272	0.13758
134.167	0.13758
134.14	0.13758
134.055	0.13755
134	0.13757
133.902	0.13752
133.869	0.13753
133.793	0.13754
133.714	0.13751
133.617	0.1375
133.578	0.13751
133.468	0.13748
133.398	0.13748
133.32	0.13747
133.299	0.13745
133.22	0.13746
133.157	0.13745
133.056	0.13743
133.019	0.13745
132.927	0.13742
132.877	0.13739
132.767	0.1374
132.726	0.13739
132.63	0.13737
132.578	0.13735
132.449	0.13737
132.417	0.13735
132.341	0.13733
132.271	0.13734
132.15	0.13731
132.116	0.13732
132.024	0.1373
131.957	0.1373
131.886	0.13727
131.858	0.13728
131.763	0.13726
131.705	0.13725
131.626	0.13725
131.594	0.13722
131.468	0.13722
131.405	0.13721
131.3	0.13721
131.261	0.13721
131.153	0.13719
131.084	0.13716
130.995	0.13717
130.978	0.13717
130.899	0.13716
130.834	0.13713
130.74	0.13713
130.709	0.13712
130.622	0.13712
130.551	0.13709
130.441	0.13707
130.406	0.13712
130.294	0.1371
130.225	0.13709
130.144	0.13708
130.119	0.13707
130.039	0.13704
129.984	0.13704
129.88	0.13702
129.848	0.13701
129.721	0.13699
129.652	0.137
129.554	0.13697
129.525	0.13697
129.401	0.13697
129.339	0.13695
129.261	0.13695
129.228	0.13694
129.131	0.13696
129.062	0.13694
128.95	0.1369
128.916	0.13692
128.813	0.1369
128.745	0.13688
128.649	0.13688
128.603	0.13687
128.502	0.13685
128.438	0.13684
128.338	0.13684
128.308	0.13683
128.217	0.13681
128.145	0.13684
128.039	0.1368
128.01	0.13681
127.919	0.13677
127.865	0.13677
127.77	0.13676
127.734	0.13678
127.623	0.13676
127.543	0.13676
127.467	0.13674
127.446	0.13673
127.346	0.13671
127.278	0.1367
127.178	0.13668
127.143	0.13669
127.041	0.13669
126.984	0.13667
126.9	0.13669
126.863	0.13665
126.777	0.13664
126.709	0.13664
126.605	0.13664
126.57	0.13661
126.459	0.13661
126.408	0.13661
126.311	0.13658
126.263	0.1366
126.174	0.13657
126.099	0.13657
125.971	0.13656
125.934	0.13655
125.864	0.13652
125.805	0.13654
125.713	0.13653
125.679	0.13652
125.591	0.1365
125.532	0.13647
125.426	0.13647
125.388	0.13648
125.317	0.13647
125.257	0.13645
125.168	0.13647
125.13	0.13645
125.045	0.13644
124.989	0.13643
124.895	0.1364
124.867	0.1364
124.75	0.13639
124.689	0.13637
124.615	0.13637
124.58	0.13639
124.502	0.13637
124.458	0.13637
124.336	0.13634
124.295	0.13634
124.151	0.13634
124.082	0.13632
123.993	0.13631
123.967	0.13632
123.869	0.1363
123.817	0.13629
123.713	0.13626
123.682	0.13627
123.581	0.13627
123.51	0.13626
123.405	0.13624
123.373	0.13623
123.26	0.13621
123.184	0.13622
123.112	0.13619
123.095	0.13621
123.002	0.13619
122.939	0.1362
122.844	0.13617
122.808	0.13617
122.699	0.13615
122.606	0.13614
122.483	0.13613
122.443	0.13613
122.335	0.13615
122.279	0.13612
122.174	0.1361
122.138	0.13609
122.045	0.13608
121.979	0.13608
121.859	0.13607
121.816	0.13607
121.726	0.13605
121.66	0.13604
121.569	0.13603
121.531	0.13602
121.443	0.13602
121.393	0.13601
121.291	0.13598
121.249	0.13599
121.152	0.13599
121.073	0.13596
120.963	0.13595
120.924	0.13597
120.828	0.13594
120.749	0.13593
120.648	0.13593
120.609	0.13594
120.516	0.13591
120.457	0.13589
120.371	0.1359
120.338	0.1359
120.234	0.13588
120.163	0.13587
120.066	0.13586
120.035	0.13587
119.947	0.13584
119.883	0.13585
119.794	0.13585
119.77	0.13581
119.687	0.13579
119.632	0.13581
119.552	0.13581
119.514	0.13578
119.412	0.13577
119.426	0.13576
119.731	0.13577
119.893	0.13576
120.224	0.13575
120.31	0.13574
120.325	0.13573
120.323	0.13572
120.26	0.13572
120.185	0.13572
120.109	0.13571
120.089	0.13571
119.994	0.13568
119.919	0.13567
119.812	0.1357
119.781	0.13566
119.687	0.13566
119.607	0.13565
119.483	0.13566
119.446	0.13565
119.351	0.13563
119.299	0.13563
119.19	0.1356
119.145	0.13563
119.035	0.13562
118.971	0.13559
118.859	0.13559
118.817	0.13559
118.717	0.13557
118.653	0.13558
118.577	0.13558
118.551	0.13554
118.431	0.13554
118.358	0.13553
118.274	0.13551
118.243	0.13552
118.132	0.13552
118.068	0.13551
117.973	0.13549
117.936	0.1355
117.819	0.13549
117.74	0.13548
117.638	0.13547
117.6	0.13545
117.515	0.13545
117.465	0.13546
117.365	0.13545
117.323	0.13544
117.191	0.13542
117.124	0.13544
117.053	0.1354
117.03	0.13541
116.944	0.1354
116.873	0.13537
116.739	0.13538
116.703	0.13536
116.612	0.13539
116.55	0.13536
116.462	0.13535
116.423	0.13534
116.322	0.13534
116.242	0.13532
116.134	0.13532
116.106	0.13531
116.035	0.13529
115.962	0.13527
115.866	0.13528
115.845	0.13531
115.731	0.13527
115.66	0.13528
115.587	0.13526
115.567	0.13524
115.491	0.13522
115.418	0.13523
115.305	0.13524
115.267	0.13524
115.168	0.13522
115.101	0.13521
115.024	0.1352
114.992	0.13519
114.907	0.13517
114.811	0.13517
114.731	0.13518
114.71	0.13516
114.623	0.13516
114.556	0.13514
114.437	0.13515
114.409	0.13513
114.329	0.13513
114.27	0.13512
114.148	0.13512
114.113	0.13511
114.03	0.13509
113.964	0.13509
113.846	0.13509
113.81	0.13506
113.734	0.13506
113.67	0.13504
113.57	0.13505
113.534	0.13503
113.436	0.13504
113.359	0.13502
113.231	0.13501
113.202	0.13501
113.102	0.13499
113.027	0.13499
112.934	0.13498
112.903	0.13498
112.805	0.13496
112.748	0.13497
112.651	0.13495
112.619	0.13494
112.525	0.13493
112.45	0.13493
112.322	0.13492
112.29	0.13494
112.201	0.13491
112.147	0.1349
112.037	0.13488
111.995	0.13487
111.888	0.13488
111.844	0.13487
111.764	0.13486
111.73	0.13489
111.646	0.13486
111.591	0.13484
111.469	0.13484
111.439	0.13483
111.342	0.13482
111.271	0.13481
111.175	0.1348
111.137	0.1348
111.019	0.1348
110.95	0.13477
110.847	0.13477
110.817	0.13477
110.714	0.13475
110.648	0.13474
110.543	0.13474
110.51	0.13472
110.409	0.13473
110.345	0.13471
110.229	0.1347
110.185	0.13471
110.087	0.1347
110.033	0.13469
109.94	0.13467
109.907	0.13467
109.793	0.13466
109.715	0.13464
109.637	0.13465
109.604	0.13464
109.496	0.13464
109.422	0.13462
109.308	0.13462
109.269	0.13461
109.194	0.13461
109.128	0.13459
109.026	0.13457
108.992	0.13459
108.885	0.13459
108.81	0.13457
108.705	0.13456
108.674	0.13455
108.585	0.13455
108.509	0.13455
108.415	0.13453
108.389	0.13452
108.287	0.1345
108.225	0.13451
108.109	0.13449
108.081	0.13449
108.009	0.13447
107.926	0.13447
107.805	0.13446
107.788	0.13447
107.728	0.13445
107.669	0.13444
107.588	0.13441
107.55	0.13442
107.46	0.13441
107.382	0.13442
107.296	0.1344
107.261	0.1344
107.157	0.13439
107.089	0.13439
106.977	0.13438
106.94	0.13437
106.823	0.13436
106.781	0.13435
106.695	0.13433
106.66	0.13433
106.56	0.13436
106.482	0.13434
106.388	0.13431
106.354	0.1343
106.237	0.13431
106.162	0.13428
106.054	0.13427
106.02	0.1343
105.915	0.13426
105.833	0.13428
105.733	0.13427
105.714	0.13425
105.646	0.13424
105.588	0.13424
105.467	0.13421
105.433	0.13423
105.347	0.13421
105.302	0.13421
105.219	0.1342
105.191	0.13419
105.096	0.13419
105.027	0.1342
104.903	0.13418
104.863	0.13419
104.771	0.13418
104.695	0.13416
104.597	0.13413
104.578	0.13414
104.497	0.13413
104.418	0.13413
104.339	0.13411
104.317	0.1341
104.229	0.13409
104.16	0.13411
104.063	0.13408
104.028	0.13407
103.931	0.13407
103.867	0.13407
103.734	0.13405
103.688	0.13405
103.626	0.13404
103.595	0.13405
103.514	0.13402
103.479	0.13402
103.363	0.13401
103.319	0.13401
103.233	0.13399
103.197	0.13398
103.111	0.13397
103.024	0.13397
102.937	0.13397
102.915	0.13395
102.823	0.13396
102.74	0.13394
102.628	0.13393
102.585	0.13392
102.491	0.13392
102.437	0.13391
102.326	0.13389
102.293	0.13389
102.215	0.13389
102.135	0.13388
102.043	0.13387
102.019	0.1339
101.915	0.13387
101.835	0.13385
101.749	0.13385
101.715	0.13385
101.602	0.13385
101.519	0.13383
101.439	0.13381
101.407	0.13382
101.289	0.13381
101.219	0.1338
101.107	0.1338
101.064	0.13379
100.944	0.13378
100.89	0.13377
100.799	0.13376
100.768	0.13376
100.68	0.13373
100.602	0.13376
100.516	0.13372
100.485	0.13373
100.37	0.13372
100.294	0.13371
100.215	0.13369
100.18	0.13369
100.081	0.13368
100.016	0.13369
99.923	0.13368
99.891	0.13367
99.789	0.13367
99.711	0.13365
99.595	0.13365
99.563	0.13365
99.47	0.13363
99.406	0.13363
99.318	0.13361
99.296	0.13361
99.19	0.1336
99.115	0.13358
99.021	0.13358
98.994	0.13357
98.893	0.13358
98.814	0.13358
98.735	0.13355
98.706	0.13355
98.611	0.13354
98.54	0.13354
98.406	0.13351
98.376	0.13353
98.315	0.13352
98.268	0.13349
98.169	0.13349
98.137	0.13349
98.032	0.13349
97.952	0.13348
97.846	0.13346
97.808	0.13346
97.685	0.13344
97.635	0.13343
97.55	0.13342
97.521	0.13344
97.422	0.13341
97.342	0.1334
97.245	0.13339
97.213	0.13336
97.109	0.13335
97.028	0.13335
96.929	0.13331
96.894	0.13333
