272.006	0.2219
271.893	0.22184
271.571	0.22169
271.369	0.22158
271.073	0.22145
270.972	0.2214
270.647	0.22129
270.25	0.22116
269.603	0.22082
269.389	0.22073
268.766	0.22044
268.288	0.22023
267.669	0.21989
267.483	0.21978
266.975	0.21952
266.602	0.21936
265.948	0.21909
265.707	0.21899
265.005	0.2187
264.531	0.21846
263.806	0.21817
263.558	0.21807
262.863	0.21777
262.406	0.2176
261.703	0.21729
261.484	0.21724
260.801	0.21694
260.355	0.21676
259.691	0.21648
259.461	0.21636
258.814	0.21612
258.382	0.21594
257.725	0.2157
257.514	0.2156
256.854	0.21536
256.432	0.21518
255.807	0.21492
255.61	0.21486
254.989	0.21459
254.574	0.21442
253.955	0.21419
253.759	0.21412
253.157	0.21386
252.763	0.2137
252.186	0.21348
251.984	0.21341
251.393	0.21317
251.003	0.21301
250.433	0.21279
250.237	0.21272
249.669	0.21248
249.295	0.21236
248.754	0.21213
248.564	0.21205
248.017	0.21183
247.644	0.21169
247.114	0.21148
246.929	0.21141
246.405	0.21121
246.055	0.21108
245.525	0.21085
245.345	0.21081
244.837	0.21059
244.496	0.21045
243.986	0.21025
243.817	0.21019
243.32	0.21001
242.987	0.20986
242.495	0.20967
242.341	0.2096
241.853	0.20942
241.537	0.2093
241.059	0.20911
240.906	0.20904
240.428	0.20887
240.117	0.20874
239.648	0.20856
239.501	0.20849
239.042	0.20832
238.742	0.2082
238.297	0.20802
238.154	0.20798
237.704	0.20781
237.408	0.20769
236.978	0.20753
236.831	0.20747
236.398	0.20729
236.112	0.20719
235.698	0.20703
235.554	0.20697
235.135	0.2068
234.858	0.20671
234.454	0.20654
234.315	0.2065
233.918	0.20633
233.643	0.20623
233.253	0.20607
233.117	0.20603
232.731	0.20587
232.465	0.20578
232.083	0.20562
231.952	0.20557
231.576	0.20543
231.325	0.20532
230.948	0.20518
230.82	0.20514
230.453	0.205
230.207	0.2049
229.841	0.20477
229.716	0.20472
229.362	0.20458
229.123	0.20449
228.765	0.20436
228.654	0.2043
228.304	0.20419
228.073	0.20409
227.726	0.20396
227.617	0.20391
227.272	0.20378
227.047	0.20369
226.712	0.20357
226.608	0.20353
226.275	0.20341
226.062	0.20334
225.736	0.2032
225.635	0.20314
225.32	0.20304
225.11	0.20297
224.792	0.20284
224.683	0.20281
224.369	0.20267
224.165	0.20261
223.861	0.20248
223.757	0.20245
223.448	0.20233
223.248	0.20227
222.954	0.20213
222.856	0.2021
222.566	0.20199
222.366	0.20192
222.077	0.20181
221.975	0.20178
221.689	0.20166
221.494	0.2016
221.214	0.20149
221.119	0.20146
220.841	0.20136
220.655	0.20129
220.376	0.20119
220.281	0.20116
220.016	0.20106
219.836	0.201
219.567	0.20089
219.473	0.20086
219.208	0.20078
219.037	0.2007
218.779	0.20062
218.697	0.20057
218.43	0.20048
218.259	0.20041
218.002	0.20032
217.918	0.2003
217.664	0.20021
217.492	0.20014
217.237	0.20004
217.156	0.20003
216.902	0.19993
216.734	0.19989
216.486	0.19978
216.411	0.19975
216.173	0.19968
216.011	0.1996
215.776	0.19953
215.703	0.19951
215.475	0.19941
215.322	0.19936
215.089	0.19928
215.015	0.19925
214.787	0.19918
214.638	0.19912
214.414	0.19904
214.336	0.19901
214.113	0.19894
213.966	0.19889
213.756	0.19881
213.68	0.19879
213.453	0.1987
213.305	0.19866
213.094	0.19858
213.022	0.19856
212.805	0.19848
212.671	0.19844
212.47	0.19837
212.399	0.19834
212.198	0.19826
212.06	0.19821
211.863	0.19815
211.798	0.19813
211.602	0.19805
211.47	0.198
211.274	0.19795
211.207	0.1979
211.015	0.19784
210.88	0.1978
210.69	0.19773
210.623	0.1977
210.441	0.19764
210.321	0.19759
200.71	0.19752
203.118	0.19751
206.977	0.19745
208.14	0.19739
208.9	0.19734
209.003	0.19732
209.116	0.19725
209.088	0.19719
208.984	0.19716
208.939	0.19713
208.781	0.19707
208.673	0.19703
208.507	0.19698
208.451	0.19696
208.271	0.19689
208.158	0.19686
207.99	0.19679
207.936	0.19677
207.766	0.1967
207.657	0.19668
207.488	0.19661
207.435	0.1966
207.272	0.19655
207.166	0.1965
207.004	0.19645
206.949	0.19643
206.793	0.19638
206.693	0.19634
206.542	0.1963
206.488	0.19628
206.328	0.19621
206.223	0.19619
206.073	0.19615
206.023	0.19614
205.879	0.19607
205.779	0.19604
205.641	0.19598
205.592	0.19597
205.451	0.19592
205.357	0.19588
205.218	0.19584
205.171	0.19583
205.036	0.19577
204.943	0.19574
204.806	0.19569
204.76	0.19567
204.626	0.1956
204.537	0.19559
204.395	0.19555
204.351	0.19551
204.222	0.19546
204.137	0.19544
204.008	0.1954
203.965	0.1954
203.837	0.19534
203.746	0.19532
203.611	0.19529
203.57	0.19524
203.443	0.1952
203.357	0.19517
203.233	0.19514
203.19	0.19512
203.063	0.19507
202.981	0.19505
202.861	0.195
202.819	0.19499
202.696	0.19496
202.618	0.1949
202.503	0.19488
202.465	0.19486
202.344	0.19482
202.269	0.1948
202.153	0.19475
202.114	0.19475
202.001	0.1947
201.921	0.19469
201.807	0.19463
201.769	0.19462
201.65	0.19459
201.569	0.19456
201.458	0.19452
201.421	0.19451
201.316	0.19446
201.241	0.19443
201.124	0.19438
201.086	0.19436
200.984	0.19432
200.912	0.1943
200.804	0.19426
200.768	0.19423
200.668	0.1942
200.601	0.19418
200.496	0.19415
200.461	0.19413
200.363	0.19409
200.297	0.19405
200.196	0.19403
200.164	0.19402
200.055	0.19398
199.992	0.19396
199.9	0.1939
199.869	0.19391
199.77	0.19388
199.703	0.19383
199.604	0.19382
199.573	0.19381
199.477	0.19378
199.414	0.19375
199.318	0.19373
199.289	0.19371
199.196	0.19366
199.136	0.19366
199.032	0.19362
198.995	0.19361
198.889	0.19358
198.828	0.19355
198.739	0.19353
198.705	0.19352
198.609	0.19349
198.546	0.19346
198.448	0.19342
198.417	0.19342
198.321	0.19339
198.264	0.19338
198.182	0.19334
198.152	0.19333
198.067	0.19329
198	0.19328
197.909	0.19324
197.877	0.19324
197.792	0.1932
197.737	0.19319
197.648	0.19317
197.615	0.19315
197.526	0.19312
197.47	0.1931
197.391	0.19307
197.362	0.19306
197.279	0.19304
197.224	0.19302
197.143	0.19299
197.119	0.19297
197.039	0.19295
196.988	0.19294
196.908	0.19291
196.884	0.1929
196.814	0.19286
196.767	0.19285
196.696	0.19282
196.673	0.19282
196.591	0.19277
196.537	0.19277
196.455	0.19273
196.427	0.19273
196.339	0.1927
196.288	0.19269
196.21	0.19266
196.185	0.19265
196.101	0.19262
196.049	0.19261
195.965	0.19257
195.933	0.19259
195.85	0.19257
195.803	0.19254
195.726	0.19251
195.699	0.1925
195.625	0.19247
195.579	0.19247
195.5	0.19245
195.475	0.19242
195.392	0.19241
195.332	0.19238
195.263	0.19237
195.24	0.19233
195.173	0.19231
195.131	0.1923
195.069	0.19229
195.046	0.19229
194.981	0.19225
194.939	0.19223
194.876	0.19221
194.853	0.19221
194.784	0.19218
194.737	0.19216
194.66	0.19215
194.632	0.19213
194.558	0.1921
194.508	0.19209
194.442	0.19208
194.42	0.19208
194.356	0.19203
194.315	0.19203
194.255	0.19201
194.232	0.192
194.17	0.19199
194.127	0.19197
194.064	0.19196
194.045	0.19194
193.973	0.19192
193.925	0.19191
193.863	0.19189
193.845	0.19187
193.789	0.19185
193.745	0.19185
193.679	0.19182
193.66	0.19182
193.601	0.1918
193.562	0.19178
193.5	0.19175
193.475	0.19176
193.407	0.19171
193.365	0.19172
193.303	0.19167
193.281	0.19168
193.224	0.19167
193.186	0.19165
193.124	0.19163
193.1	0.19162
193.04	0.19159
192.994	0.19159
192.938	0.19157
192.919	0.19156
192.869	0.19154
192.831	0.19153
192.769	0.1915
192.75	0.1915
192.692	0.19147
192.656	0.19146
192.604	0.19143
192.588	0.19143
192.531	0.19141
192.495	0.19141
192.434	0.19138
192.411	0.1914
192.355	0.19136
192.323	0.19134
192.278	0.19132
192.263	0.19132
192.213	0.1913
192.181	0.19128
192.128	0.19126
192.111	0.19126
192.039	0.19124
192.002	0.19122
191.941	0.1912
191.922	0.1912
191.869	0.19119
191.833	0.19119
191.776	0.19117
191.76	0.19115
191.704	0.19111
191.661	0.19111
191.595	0.19108
191.579	0.19107
191.533	0.19108
191.503	0.19105
191.454	0.19101
191.432	0.19104
191.374	0.191
191.338	0.19099
191.288	0.19098
191.273	0.19097
191.227	0.19095
191.193	0.19093
191.143	0.19093
191.125	0.19092
191.069	0.19091
191.033	0.1909
190.987	0.19087
190.973	0.19088
190.929	0.19085
190.896	0.19083
190.847	0.19082
190.832	0.19081
190.775	0.19077
190.736	0.19078
190.681	0.19076
190.665	0.19076
190.613	0.19074
190.579	0.19072
190.524	0.19071
190.502	0.1907
190.441	0.19068
190.406	0.19068
190.354	0.19065
190.336	0.19065
190.283	0.19062
190.247	0.19062
190.194	0.1906
190.177	0.19059
190.116	0.19059
190.082	0.19056
190.034	0.19055
190.017	0.19055
189.956	0.19053
189.921	0.19051
189.882	0.1905
189.868	0.19048
189.815	0.19049
189.783	0.19047
189.733	0.19046
189.716	0.19044
189.675	0.19042
189.648	0.19041
189.6	0.1904
189.583	0.19038
189.537	0.19036
189.506	0.19037
189.459	0.19035
189.444	0.19036
189.392	0.19034
189.358	0.19031
189.306	0.1903
189.29	0.19029
189.246	0.19027
189.213	0.19026
189.17	0.19025
189.155	0.19024
189.095	0.19021
189.053	0.19021
189.002	0.19019
188.989	0.19018
188.951	0.19016
188.914	0.19016
188.861	0.19015
188.842	0.19013
188.798	0.19012
188.767	0.1901
188.723	0.1901
188.705	0.19009
188.664	0.19006
188.628	0.19006
188.581	0.19005
188.566	0.19004
188.525	0.19001
188.496	0.18999
188.454	0.19
188.442	0.19
188.397	0.18997
188.36	0.18997
188.307	0.18994
188.294	0.18995
188.244	0.18992
188.212	0.18991
188.164	0.18989
188.149	0.1899
188.114	0.18987
188.086	0.18988
188.043	0.18984
188.027	0.18985
187.979	0.18983
187.946	0.18981
187.901	0.18981
187.885	0.18979
187.846	0.18978
187.821	0.18979
187.776	0.18975
187.761	0.18975
187.723	0.18974
187.693	0.18971
187.651	0.1897
187.639	0.18971
187.578	0.18969
187.547	0.18967
187.507	0.18966
187.491	0.18965
187.45	0.18964
187.416	0.18963
187.374	0.18962
187.361	0.18961
187.314	0.18959
187.288	0.18959
187.246	0.18958
187.23	0.18956
187.183	0.18956
187.151	0.18954
187.108	0.18952
187.095	0.18952
187.061	0.1895
187.033	0.18949
186.979	0.18946
186.962	0.18948
186.905	0.18946
186.876	0.18945
186.833	0.18943
186.819	0.18943
186.777	0.18942
186.753	0.1894
186.718	0.18936
186.706	0.18938
186.662	0.18936
186.631	0.18933
186.579	0.18933
186.563	0.18933
186.508	0.18932
186.47	0.1893
186.43	0.18929
186.416	0.18929
186.361	0.18927
186.332	0.18926
186.29	0.18925
186.279	0.18924
186.233	0.18924
186.202	0.18922
186.148	0.18921
186.129	0.18921
186.077	0.18918
186.045	0.18915
185.998	0.18916
185.984	0.18915
185.944	0.18913
185.916	0.18911
185.87	0.18912
185.856	0.1891
185.812	0.1891
185.78	0.18909
185.741	0.18907
185.726	0.18906
185.676	0.18903
185.652	0.18904
185.608	0.18901
185.592	0.189
185.553	0.189
185.522	0.18899
185.465	0.18898
185.452	0.18897
185.415	0.18896
185.391	0.18896
185.345	0.18893
185.332	0.18892
185.281	0.18889
185.25	0.1889
185.215	0.18888
185.204	0.18889
185.164	0.18886
185.135	0.18884
185.094	0.18884
185.081	0.18884
185.033	0.18881
185.008	0.18881
184.972	0.1888
184.957	0.18878
184.897	0.18878
184.865	0.18878
184.82	0.18875
184.803	0.18874
184.743	0.18873
184.704	0.18871
184.657	0.1887
184.644	0.18868
184.604	0.18866
184.583	0.18866
184.551	0.18867
184.536	0.18867
184.483	0.18864
184.444	0.18862
184.391	0.18861
184.378	0.18858
184.339	0.18859
184.319	0.1886
184.281	0.18858
184.265	0.18858
184.227	0.18855
184.205	0.18853
184.165	0.18852
184.153	0.18851
184.11	0.1885
184.082	0.1885
184.045	0.18847
184.031	0.18849
183.977	0.18847
183.943	0.18846
183.895	0.18842
183.874	0.18843
183.821	0.18841
183.791	0.18841
183.746	0.18837
183.73	0.1884
183.69	0.18837
183.667	0.18836
183.616	0.18835
183.598	0.18834
183.549	0.18831
183.519	0.18831
183.476	0.18831
183.462	0.18829
183.426	0.18829
183.394	0.18827
183.34	0.18826
183.327	0.18825
183.29	0.18824
183.266	0.18822
183.219	0.18822
183.204	0.1882
183.154	0.18821
183.132	0.18819
183.099	0.18817
183.081	0.18817
183.04	0.18815
183.012	0.18813
182.963	0.18814
182.944	0.18811
182.906	0.18813
182.876	0.18811
182.831	0.18807
182.816	0.18806
182.776	0.18806
182.747	0.18804
182.691	0.18802
182.675	0.18802
182.629	0.18798
182.602	0.188
182.564	0.18798
182.549	0.18798
182.512	0.18795
182.49	0.18797
182.454	0.18795
182.443	0.18793
182.402	0.18791
182.371	0.18791
182.333	0.1879
182.321	0.18791
182.271	0.18788
182.228	0.18789
182.163	0.18786
182.149	0.18785
182.107	0.18782
182.078	0.18781
182.026	0.18782
182.01	0.18782
181.967	0.18779
181.94	0.18778
181.898	0.18778
181.886	0.18776
181.847	0.18774
181.816	0.18773
181.767	0.18773
181.751	0.18771
181.699	0.18771
181.669	0.18769
181.617	0.18767
181.601	0.18766
181.571	0.18765
181.549	0.18764
181.503	0.18762
181.485	0.18764
181.436	0.18762
181.405	0.1876
181.358	0.1876
181.343	0.18759
181.292	0.18756
181.259	0.18753
181.223	0.18754
181.209	0.18753
181.171	0.18752
181.137	0.1875
181.089	0.18749
181.075	0.18751
181.031	0.18747
180.993	0.18746
180.948	0.18745
180.932	0.18744
180.89	0.18743
180.863	0.18742
180.812	0.18739
180.792	0.18741
180.738	0.18738
180.707	0.18738
180.657	0.18735
180.637	0.18736
180.591	0.18734
180.565	0.18733
180.517	0.18731
180.502	0.18731
180.438	0.1873
180.409	0.18729
180.367	0.18727
180.352	0.18727
180.311	0.18725
180.279	0.18725
180.234	0.18721
180.224	0.18721
180.186	0.18721
180.16	0.1872
180.118	0.18718
180.105	0.18718
180.059	0.18716
180.03	0.18716
179.987	0.18714
179.974	0.18713
179.924	0.1871
179.895	0.1871
179.845	0.18711
179.823	0.18709
179.766	0.18707
179.737	0.18706
179.703	0.18705
179.688	0.18703
179.638	0.18702
179.601	0.18701
179.554	0.18699
179.538	0.18698
179.478	0.18696
179.445	0.18698
179.393	0.18694
179.378	0.18694
179.331	0.18693
179.305	0.18692
179.258	0.1869
179.237	0.18686
179.191	0.18691
179.157	0.18687
179.112	0.18685
179.102	0.18686
179.072	0.18684
179.041	0.18682
178.997	0.18681
178.98	0.1868
178.915	0.18678
178.879	0.18678
178.838	0.18677
178.823	0.18677
178.783	0.18674
178.751	0.18672
178.702	0.18672
178.685	0.18668
178.63	0.18669
178.593	0.1867
178.54	0.18666
178.529	0.18667
178.489	0.18666
178.458	0.18664
178.405	0.18662
178.387	0.1866
178.339	0.18659
178.307	0.1866
178.252	0.18657
178.232	0.18658
178.164	0.18656
178.12	0.18652
178.058	0.18652
178.034	0.18653
177.987	0.1865
177.956	0.18649
178.036	0.18647
177.98	0.18646
177.863	0.18646
177.811	0.18645
177.74	0.18645
177.713	0.18643
177.656	0.18641
177.619	0.1864
177.571	0.18636
177.553	0.18637
177.495	0.18636
177.458	0.18636
177.403	0.18633
177.373	0.18634
177.296	0.18632
177.246	0.18629
177.191	0.18629
177.178	0.18629
177.134	0.18629
177.109	0.18625
177.062	0.18624
177.03	0.18624
176.963	0.18619
176.923	0.18618
176.858	0.18619
176.84	0.18618
176.785	0.18618
176.757	0.18615
176.709	0.18614
176.694	0.18611
176.636	0.18611
176.603	0.18611
176.556	0.1861
176.545	0.18608
176.493	0.18607
176.457	0.18604
176.41	0.18601
176.394	0.18602
176.339	0.18603
176.296	0.186
176.238	0.18597
176.22	0.18598
176.159	0.18597
176.12	0.18595
176.072	0.18593
176.061	0.18594
176.016	0.1859
175.981	0.1859
175.923	0.18589
175.904	0.1859
175.844	0.18587
175.808	0.18582
175.759	0.18581
175.741	0.18582
175.683	0.18581
175.642	0.18579
175.577	0.18576
175.556	0.18577
175.494	0.18575
175.458	0.18575
175.404	0.18572
175.386	0.18569
175.33	0.18569
175.295	0.1857
175.251	0.18567
175.227	0.18567
175.176	0.18564
175.143	0.18565
175.074	0.18562
175.05	0.18562
174.989	0.18559
174.946	0.18557
174.88	0.18557
174.859	0.18556
174.79	0.18553
174.747	0.18552
174.691	0.18553
174.673	0.18552
174.613	0.18548
174.58	0.18546
174.527	0.18546
174.511	0.18546
174.454	0.18544
174.425	0.18541
174.389	0.18538
174.373	0.18539
174.322	0.18535
174.277	0.18536
174.209	0.18535
174.185	0.1853
174.123	0.18532
174.079	0.18531
174.014	0.18528
173.988	0.1853
173.915	0.18525
173.882	0.18524
173.824	0.18527
173.803	0.18521
173.737	0.18521
173.695	0.18518
173.633	0.18517
173.615	0.18517
173.57	0.18516
173.528	0.18513
173.441	0.18509
173.41	0.18512
173.342	0.18507
173.308	0.18508
173.249	0.18505
173.224	0.18506
173.167	0.18503
173.134	0.185
173.081	0.18501
173.064	0.185
173.015	0.18499
172.978	0.18496
172.919	0.18492
172.897	0.18493
172.832	0.18492
172.785	0.18488
172.725	0.18488
172.706	0.18488
172.657	0.18484
172.614	0.18486
172.548	0.18483
172.528	0.1848
172.47	0.18478
172.409	0.18478
172.332	0.18476
172.314	0.18475
172.257	0.18474
172.214	0.18472
172.149	0.18471
172.134	0.18466
172.067	0.18469
172.033	0.18463
171.97	0.18464
171.951	0.18462
171.886	0.18463
171.821	0.18458
171.737	0.18456
171.711	0.18455
171.644	0.18454
171.599	0.18453
171.545	0.18453
171.529	0.18453
171.474	0.18448
171.436	0.18446
171.364	0.18446
171.335	0.18443
171.242	0.18442
171.188	0.18441
171.128	0.1844
171.1	0.18439
171.026	0.18435
170.991	0.18437
170.923	0.1843
170.899	0.18432
170.81	0.18429
170.744	0.18429
170.668	0.18429
170.65	0.18425
170.584	0.18422
170.547	0.18419
170.488	0.18422
170.468	0.18419
170.395	0.18417
170.331	0.18417
170.269	0.18412
170.25	0.18411
170.181	0.1841
170.137	0.18406
170.055	0.18407
170.034	0.18405
169.974	0.18404
169.912	0.18403
169.824	0.18402
169.795	0.18399
169.722	0.18398
169.664	0.18397
169.585	0.18398
169.561	0.18394
169.49	0.18391
169.448	0.18389
169.372	0.18388
169.346	0.18386
169.263	0.18382
169.196	0.1838
169.128	0.1838
169.108	0.18381
169.035	0.18376
168.979	0.18376
168.89	0.18375
168.868	0.18374
168.798	0.1837
168.745	0.18371
168.679	0.18368
168.655	0.18367
168.577	0.18369
168.54	0.18365
168.492	0.18362
168.471	0.1836
168.402	0.18359
168.347	0.18357
168.256	0.18354
168.224	0.18353
168.151	0.18353
168.102	0.1835
168.034	0.18348
168.004	0.18347
167.901	0.18347
167.852	0.18344
167.784	0.18341
167.767	0.1834
167.701	0.18337
167.645	0.18336
167.578	0.18337
167.55	0.18334
167.448	0.18332
167.407	0.18329
167.326	0.18327
167.3	0.18326
167.207	0.18323
167.137	0.18323
167.044	0.1832
167.023	0.18316
166.953	0.18314
166.912	0.18318
166.829	0.18313
166.804	0.18315
166.696	0.18313
166.634	0.1831
166.546	0.18306
166.523	0.18306
166.451	0.18304
166.401	0.18302
166.326	0.18299
166.295	0.18299
166.213	0.18299
166.148	0.18294
166.059	0.18293
166.041	0.18293
165.978	0.18291
165.934	0.18289
165.865	0.18286
165.835	0.18287
165.759	0.18283
165.704	0.18281
165.616	0.18278
165.589	0.1828
165.524	0.18276
165.473	0.18276
165.393	0.18274
165.364	0.18273
165.248	0.18273
165.193	0.18268
165.1	0.18263
165.072	0.18262
165.001	0.18259
164.958	0.18262
164.894	0.1826
164.874	0.18258
164.791	0.18255
164.726	0.18253
164.635	0.18253
164.603	0.18248
164.53	0.18247
164.483	0.18246
164.399	0.18244
164.37	0.18245
164.296	0.18241
164.253	0.1824
164.182	0.18236
164.152	0.18237
164.056	0.18233
164.009	0.18231
163.924	0.1823
163.887	0.18229
163.81	0.18228
163.77	0.18224
163.694	0.18224
163.673	0.1822
163.614	0.18221
163.575	0.18217
163.486	0.18215
163.455	0.18217
163.369	0.18214
163.323	0.1821
163.258	0.18207
163.232	0.18208
163.157	0.18204
163.102	0.18202
163.037	0.18201
163.013	0.18196
162.947	0.18199
162.906	0.18199
162.829	0.18193
162.789	0.18191
162.704	0.18191
162.639	0.18184
162.547	0.18186
162.507	0.18186
162.424	0.18183
162.374	0.18183
162.321	0.18182
162.301	0.1818
162.213	0.1818
162.147	0.18176
162.077	0.18173
162.052	0.18169
161.963	0.18169
161.898	0.18167
161.793	0.18167
161.768	0.18163
161.713	0.18165
161.67	0.18161
161.562	0.18158
161.518	0.18154
161.425	0.18156
161.374	0.18151
161.287	0.18149
161.264	0.18149
161.179	0.18146
161.124	0.18147
161.04	0.18143
161.011	0.18143
160.909	0.18144
160.847	0.1814
160.743	0.18132
160.713	0.18129
160.62	0.18134
160.566	0.18127
160.489	0.18126
160.453	0.18125
160.343	0.18126
160.257	0.18125
160.147	0.18119
160.121	0.18122
160.058	0.18118
160.006	0.18115
159.89	0.18112
159.852	0.18106
159.759	0.18109
159.706	0.18108
159.605	0.18107
159.582	0.18105
159.49	0.18099
159.435	0.18101
159.356	0.18098
159.328	0.18096
159.224	0.18094
159.162	0.18092
159.067	0.18091
159.036	0.18091
158.957	0.18087
158.899	0.1809
158.798	0.18084
158.768	0.18083
158.691	0.18081
158.628	0.18077
158.532	0.18074
158.507	0.18074
158.434	0.18072
158.386	0.18072
158.308	0.1807
158.282	0.18068
158.186	0.18059
158.107	0.18065
158.023	0.18061
158.001	0.18056
157.906	0.18056
157.834	0.18057
157.74	0.18054
157.709	0.18053
157.608	0.18047
157.532	0.18047
157.42	0.18045
157.382	0.18043
157.313	0.18041
157.278	0.1804
157.203	0.18038
157.171	0.18039
157.095	0.18029
157.046	0.1803
156.95	0.18028
156.915	0.18027
156.839	0.18026
156.788	0.18023
156.717	0.1802
156.687	0.18019
156.581	0.18017
156.523	0.18022
156.438	0.18014
156.4	0.18013
156.305	0.18008
156.24	0.18009
156.146	0.18003
156.118	0.18004
156.039	0.18002
155.979	0.18001
155.871	0.17997
155.84	0.17997
155.753	0.17994
155.695	0.17993
155.615	0.17993
155.594	0.17991
155.505	0.17988
155.445	0.17979
155.364	0.17981
155.339	0.17981
155.252	0.1798
155.196	0.17976
155.117	0.17974
155.093	0.17975
154.985	0.17973
154.926	0.17964
154.834	0.17969
154.791	0.17968
154.709	0.17965
154.653	0.1796
154.574	0.1796
154.55	0.1796
154.484	0.17954
154.413	0.17954
154.333	0.1795
154.296	0.17953
154.184	0.17949
154.111	0.17946
154.033	0.17943
154.006	0.17941
153.914	0.1794
153.833	0.1794
153.718	0.17937
153.684	0.17933
153.594	0.17929
153.529	0.17932
153.434	0.17929
153.404	0.17925
153.335	0.17923
153.268	0.17923
153.174	0.17919
153.137	0.17919
153.046	0.17916
152.963	0.17912
152.859	0.17912
152.828	0.17911
152.729	0.17908
152.667	0.17906
152.583	0.17905
152.55	0.17905
152.445	0.17903
152.377	0.17894
152.262	0.17896
152.236	0.17895
152.142	0.17896
152.077	0.1789
151.971	0.1789
151.946	0.17884
151.881	0.17886
151.822	0.17883
151.719	0.1788
151.686	0.17878
151.58	0.17877
151.502	0.17877
151.39	0.17874
151.355	0.17871
151.271	0.17869
151.199	0.17868
151.1	0.17863
151.065	0.17863
150.989	0.17861
150.935	0.17857
150.818	0.17859
150.779	0.17859
150.7	0.1785
150.657	0.1785
150.564	0.17846
150.528	0.17849
150.432	0.17845
150.37	0.17844
150.276	0.17843
150.236	0.17845
150.129	0.17835
150.067	0.17835
149.986	0.17832
149.964	0.17828
149.902	0.17829
149.865	0.17827
149.778	0.17825
149.74	0.17827
149.641	0.17822
149.589	0.17819
149.492	0.17818
149.454	0.17815
149.364	0.17813
149.298	0.1781
149.202	0.17808
149.178	0.17809
149.087	0.17808
149.014	0.17804
148.919	0.17799
148.889	0.178
148.792	0.17799
148.735	0.17795
148.65	0.17795
148.622	0.17795
148.534	0.1779
148.488	0.17785
148.402	0.17785
148.371	0.17784
148.269	0.17782
148.214	0.17781
148.107	0.17777
148.076	0.17776
148.004	0.17775
147.945	0.17771
147.853	0.17769
147.819	0.1777
147.735	0.17766
147.67	0.17766
147.582	0.17762
147.558	0.17764
147.482	0.17757
147.438	0.17761
147.333	0.17754
147.29	0.17754
147.166	0.17748
147.093	0.1775
146.986	0.17747
146.95	0.17744
146.839	0.17743
146.767	0.17741
146.682	0.17737
146.655	0.17737
146.552	0.17735
146.471	0.17731
146.39	0.17729
146.355	0.17731
146.241	0.17727
146.18	0.17724
146.081	0.17723
146.048	0.17723
145.964	0.17721
145.911	0.17716
145.812	0.17714
145.784	0.17712
145.714	0.17713
145.67	0.17708
145.571	0.17706
145.533	0.17706
145.437	0.17705
145.378	0.177
145.301	0.17701
145.278	0.17701
145.204	0.17691
145.125	0.17693
145.039	0.17692
145.011	0.1769
144.917	0.17693
144.84	0.17687
144.744	0.17682
144.71	0.17682
144.607	0.17679
144.533	0.17679
144.433	0.17675
144.396	0.17674
144.296	0.17671
144.244	0.17671
144.159	0.17665
144.135	0.17666
144.052	0.17664
143.987	0.17662
143.881	0.17659
143.842	0.17659
143.741	0.17654
143.667	0.17652
143.572	0.17648
143.546	0.17652
143.46	0.17648
143.395	0.17645
143.279	0.17646
143.239	0.17647
143.131	0.17642
143.075	0.17638
142.97	0.17635
142.942	0.17639
142.852	0.17632
142.804	0.17629
142.692	0.17629
142.645	0.17628
142.514	0.17626
142.459	0.17622
142.369	0.1762
142.342	0.17622
142.242	0.17616
142.161	0.17614
142.047	0.17611
142.012	0.17613
141.932	0.1761
141.879	0.17607
141.769	0.17601
141.731	0.17603
141.626	0.17604
141.569	0.176
141.462	0.17597
141.431	0.17596
141.343	0.17591
141.302	0.17591
141.222	0.17589
141.192	0.17589
141.102	0.1759
141.04	0.17582
140.936	0.17583
140.902	0.1758
140.81	0.1758
140.747	0.17577
140.638	0.17571
140.602	0.17571
140.494	0.17571
140.425	0.17571
140.344	0.17561
140.315	0.17562
140.209	0.17564
140.142	0.17563
140.056	0.17558
140.033	0.17558
139.947	0.17557
139.869	0.17553
139.746	0.17548
139.702	0.17555
139.595	0.17547
139.518	0.17547
139.431	0.17543
139.406	0.1754
139.322	0.17541
139.258	0.17536
139.165	0.17535
139.13	0.17533
139.028	0.17535
138.953	0.17532
138.83	0.17526
138.785	0.17526
138.684	0.17524
138.63	0.17523
138.544	0.17518
138.51	0.17516
138.387	0.17514
138.329	0.17515
138.212	0.17509
138.17	0.17512
138.066	0.17508
137.999	0.17505
137.913	0.17505
137.887	0.17505
137.771	0.17501
137.708	0.17499
137.596	0.17497
137.569	0.17494
137.48	0.17493
137.415	0.17491
137.323	0.17488
137.292	0.17488
137.203	0.17486
137.135	0.17486
137.04	0.17481
137.012	0.17481
136.926	0.17477
136.858	0.17481
136.783	0.17472
136.751	0.1747
136.645	0.17472
136.594	0.17468
136.507	0.17465
136.478	0.17463
136.391	0.17463
136.339	0.1746
136.227	0.1746
136.175	0.17458
136.067	0.17456
135.999	0.17452
135.906	0.17451
135.882	0.1745
135.785	0.17447
135.725	0.17445
135.628	0.17442
135.602	0.17445
135.494	0.1744
135.436	0.17438
135.354	0.17437
135.32	0.17434
135.208	0.17432
135.132	0.17431
135.03	0.17429
135.002	0.17428
134.937	0.17428
134.876	0.17422
134.776	0.17421
134.748	0.17421
134.637	0.17419
134.548	0.17416
134.443	0.17411
134.406	0.17415
134.303	0.17407
134.237	0.17408
134.118	0.17403
134.079	0.17404
133.993	0.17397
133.933	0.17399
133.841	0.17395
133.81	0.17398
133.713	0.17395
133.623	0.17391
133.533	0.17387
133.51	0.17389
133.411	0.17386
133.352	0.17384
133.251	0.17382
133.23	0.17382
133.141	0.17378
133.062	0.17378
132.968	0.17375
132.928	0.17374
132.814	0.17371
132.735	0.1737
132.613	0.17368
132.573	0.17366
132.476	0.17362
132.415	0.17363
132.336	0.17358
132.305	0.1736
132.215	0.17358
132.156	0.17354
132.068	0.17352
132.041	0.17352
131.945	0.1735
131.882	0.17348
131.759	0.17345
131.72	0.17343
131.617	0.17344
131.55	0.17342
131.455	0.17335
131.424	0.17336
131.309	0.17334
131.236	0.17332
131.128	0.17334
131.106	0.17328
131.018	0.17329
130.959	0.17327
130.866	0.17326
130.834	0.17323
130.735	0.17321
130.669	0.1732
130.588	0.17316
130.561	0.17313
130.465	0.17313
130.399	0.17308
130.296	0.17309
130.266	0.17307
130.164	0.17306
130.09	0.17303
129.987	0.17299
129.963	0.17299
129.862	0.17294
129.782	0.17295
129.681	0.17294
129.649	0.17295
129.564	0.1729
129.504	0.17287
129.401	0.17285
129.348	0.17285
129.244	0.17282
129.183	0.1728
129.095	0.17278
129.054	0.17278
128.96	0.17273
128.898	0.17273
128.814	0.17272
128.778	0.17269
128.655	0.17267
128.583	0.17267
128.457	0.17265
128.421	0.17261
128.322	0.17262
128.253	0.17258
128.157	0.17258
128.125	0.17253
128.011	0.17253
127.957	0.17252
127.858	0.17251
127.82	0.17249
127.726	0.17244
127.652	0.17245
127.543	0.17244
127.506	0.17244
127.411	0.17237
127.335	0.17237
127.241	0.17233
127.206	0.17235
127.075	0.17231
126.995	0.17232
126.91	0.17226
126.882	0.17226
126.804	0.17226
126.748	0.17222
126.647	0.1722
126.619	0.17219
126.523	0.17217
126.457	0.17214
126.374	0.17208
126.346	0.1721
126.27	0.17206
126.21	0.17207
126.129	0.17206
126.092	0.17204
125.981	0.172
125.902	0.17199
125.803	0.17197
125.774	0.17195
125.667	0.17192
125.597	0.17193
125.516	0.17189
125.493	0.17188
125.413	0.17185
125.342	0.17188
125.23	0.17183
125.191	0.17182
125.098	0.17179
125.045	0.17178
124.928	0.17175
124.901	0.17174
124.799	0.1717
124.717	0.1717
124.617	0.17167
124.586	0.17167
124.489	0.17164
124.435	0.17163
124.332	0.17159
124.297	0.1716
124.183	0.17158
124.11	0.17158
124.038	0.17155
124.017	0.17151
123.942	0.17149
123.888	0.17148
123.797	0.17147
123.766	0.17146
123.657	0.17145
123.602	0.17142
123.528	0.17139
123.503	0.17137
123.395	0.17134
123.328	0.17135
123.228	0.17133
123.187	0.17132
123.099	0.17129
123.04	0.17128
122.948	0.17124
122.923	0.17126
122.838	0.17122
122.767	0.1712
122.679	0.17119
122.633	0.17118
122.525	0.17115
122.459	0.17112
122.373	0.17111
122.343	0.1711
122.242	0.17109
122.176	0.17108
122.09	0.17102
122.061	0.17103
121.964	0.171
121.873	0.17099
121.725	0.17099
121.683	0.17096
121.576	0.17094
121.505	0.17093
121.41	0.17087
121.372	0.17091
121.282	0.17088
121.219	0.17086
121.112	0.17083
121.082	0.17085
120.987	0.17081
120.911	0.17079
120.789	0.17075
120.746	0.17076
120.623	0.17074
120.553	0.17073
120.442	0.1707
120.409	0.1707
120.313	0.17065
120.251	0.17067
120.142	0.17063
120.111	0.17062
120.014	0.17058
119.954	0.17058
119.861	0.17055
119.832	0.17054
119.742	0.17053
119.684	0.17051
119.611	0.17045
119.583	0.17047
119.476	0.17046
119.421	0.17043
119.314	0.17042
119.285	0.17044
119.176	0.17039
119.091	0.17036
118.988	0.17034
118.954	0.17035
118.848	0.17031
118.778	0.1703
118.687	0.17028
118.656	0.17032
118.558	0.17025
118.492	0.17024
118.409	0.17021
118.372	0.1702
118.259	0.17017
118.184	0.17016
118.087	0.17017
118.056	0.17012
117.948	0.17012
117.883	0.17006
117.77	0.1701
117.736	0.1701
117.621	0.17006
117.548	0.17004
117.435	0.17001
117.402	0.17001
117.287	0.16998
117.222	0.16994
117.126	0.16995
117.094	0.16996
117.003	0.16994
116.936	0.16989
116.869	0.16988
116.853	0.16984
116.751	0.16987
116.689	0.16984
116.591	0.16981
116.559	0.1698
116.456	0.16977
116.39	0.16976
116.289	0.16974
116.255	0.16976
116.151	0.1697
116.079	0.1697
115.995	0.16967
115.961	0.16967
115.862	0.16965
115.781	0.16962
115.655	0.1696
115.619	0.16961
115.522	0.16957
115.447	0.16956
115.326	0.16953
115.284	0.16953
115.2	0.1695
115.158	0.1695
115.072	0.16949
115.029	0.16948
114.898	0.16944
114.821	0.16943
114.728	0.16938
114.7	0.1694
114.593	0.1694
114.52	0.16935
114.395	0.16934
114.355	0.16934
114.23	0.16932
114.172	0.1693
114.093	0.1693
114.064	0.16924
113.962	0.16924
113.897	0.1692
113.815	0.1692
113.794	0.16919
113.695	0.16918
113.623	0.16919
113.506	0.16912
113.466	0.16915
113.353	0.16913
113.291	0.16909
113.18	0.16909
113.143	0.16907
113.048	0.16906
112.999	0.16904
112.917	0.16901
112.888	0.16902
112.768	0.16898
112.695	0.16896
112.601	0.16893
112.563	0.16894
112.461	0.1689
112.406	0.1689
112.316	0.16889
112.287	0.16885
112.171	0.16884
112.109	0.16882
111.99	0.1688
111.957	0.1688
111.865	0.16878
111.8	0.16877
111.713	0.16876
111.674	0.16871
111.566	0.16872
111.501	0.16872
111.42	0.16868
111.385	0.16868
111.291	0.16866
111.236	0.16862
111.141	0.16861
111.118	0.1686
111.038	0.16859
110.961	0.16858
110.833	0.16855
110.794	0.16853
110.699	0.16853
110.647	0.16853
110.574	0.16849
110.541	0.1685
110.443	0.16843
110.382	0.16844
110.292	0.16842
110.262	0.16843
110.17	0.16841
110.106	0.16838
110.021	0.16836
109.982	0.16834
109.852	0.16833
109.778	0.16833
109.685	0.16829
109.658	0.16829
109.559	0.16825
109.477	0.16825
109.38	0.16821
109.354	0.16823
109.251	0.1682
109.199	0.16818
109.085	0.16817
109.046	0.16814
108.941	0.16815
108.877	0.16812
108.748	0.16811
108.715	0.1681
108.63	0.16808
108.558	0.16807
108.454	0.16805
108.418	0.16804
108.304	0.16803
108.221	0.168
108.097	0.16799
108.056	0.16794
107.957	0.16796
107.89	0.16794
107.773	0.16791
107.735	0.16791
107.621	0.16788
107.568	0.16787
107.461	0.16788
107.424	0.16782
107.31	0.16783
107.248	0.16781
107.166	0.16777
107.131	0.16779
107.049	0.16775
106.988	0.16776
106.912	0.1677
106.882	0.16775
106.792	0.16771
106.739	0.16768
106.637	0.16766
106.607	0.16767
106.513	0.16764
106.441	0.16764
106.34	0.16762
106.314	0.1676
106.243	0.16757
106.163	0.16757
106.046	0.16753
106.013	0.16751
105.904	0.1675
105.829	0.16751
105.717	0.16747
105.675	0.16745
105.554	0.16743
105.487	0.16742
105.387	0.16742
105.36	0.1674
105.276	0.16739
105.203	0.16739
105.097	0.16736
105.062	0.16735
104.972	0.16734
104.899	0.1673
104.803	0.16729
104.773	0.16728
104.669	0.16727
104.61	0.16725
104.504	0.16725
104.467	0.16723
104.354	0.16722
104.287	0.16719
104.198	0.16718
104.169	0.16719
104.072	0.16714
104.004	0.16713
103.888	0.16712
103.857	0.1671
103.749	0.16708
103.681	0.16709
103.572	0.16704
103.532	0.16704
103.436	0.16701
103.371	0.16703
103.265	0.16697
103.232	0.16696
103.14	0.16696
103.087	0.16694
102.986	0.16693
102.959	0.16693
102.857	0.1669
102.783	0.16688
102.699	0.16686
102.671	0.16688
102.581	0.16684
102.531	0.16683
102.45	0.16681
102.423	0.16681
102.31	0.16678
102.245	0.16675
102.142	0.16675
102.11	0.16673
102.009	0.16672
101.939	0.16672
101.823	0.16668
101.789	0.16668
101.662	0.16665
101.582	0.16663
101.468	0.16661
101.428	0.16662
101.301	0.16658
101.223	0.16658
101.113	0.16656
101.078	0.16655
100.98	0.16656
100.927	0.16653
100.839	0.16651
100.808	0.16649
100.704	0.16649
100.631	0.16647
100.528	0.16646
100.496	0.16646
100.4	0.16642
100.317	0.16642
100.193	0.16638
100.149	0.16639
100.029	0.16637
99.953	0.16635
99.836	0.16633
99.796	0.16632
99.693	0.1663
99.628	0.1663
99.537	0.16628
99.502	0.16626
99.39	0.16623
99.328	0.16622
99.237	0.16621
99.206	0.16619
99.093	0.16618
99.035	0.16617
98.949	0.16614
98.913	0.16614
98.797	0.16611
98.736	0.16611
98.623	0.16609
98.582	0.16609
98.462	0.16608
98.381	0.16605
98.283	0.16604
98.26	0.16602
98.188	0.166
98.124	0.16599
98.024	0.16598
97.995	0.16598
97.887	0.16595
97.829	0.16595
97.735	0.16591
97.708	0.16591
97.617	0.16589
97.534	0.16588
97.433	0.16586
97.393	0.16586
97.286	0.16582
97.216	0.16581
97.133	0.1658
97.096	0.16578
96.987	0.16576
96.922	0.16575
96.834	0.16574
96.805	0.16575
96.71	0.16572
96.644	0.1657
96.535	0.16568
96.491	0.16566
96.361	0.16566
