287.36	0.1480009
287.028	0.1479195
286.701	0.1478539
286.369	0.1477735
286.032	0.147691
285.704	0.1476073
285.377	0.1475254
285.05	0.1474502
284.725	0.1473794
284.396	0.1473147
284.072	0.1472352
283.748	0.1471578
283.423	0.1470714
283.101	0.1470115
282.776	0.1469372
282.458	0.1468656
282.125	0.1468029
281.805	0.1467206
281.484	0.1466682
281.166	0.1465923
280.847	0.1465323
280.526	0.1464581
280.208	0.1464229
279.889	0.1463472
279.57	0.1462732
279.244	0.1462155
278.924	0.1461438
278.609	0.1460901
278.286	0.1460229
277.971	0.1459629
277.661	0.1458952
277.343	0.1458536
277.025	0.1457802
276.722	0.145718
276.418	0.1456672
276.116	0.145602
275.823	0.1455534
275.534	0.1454975
275.241	0.1454343
274.932	0.1453882
274.634	0.1453328
274.337	0.1452698
274.041	0.1452214
273.757	0.145174
273.471	0.145111
273.186	0.1450736
272.901	0.1450107
272.619	0.1449663
272.329	0.1449103
272.043	0.1448387
271.763	0.1448015
271.488	0.1447674
271.221	0.1447059
270.953	0.1446619
270.682	0.1446169
270.417	0.1445736
270.157	0.1445211
269.896	0.1444824
269.637	0.1444277
269.381	0.1443904
269.129	0.1443385
268.872	0.1443034
268.604	0.1442462
268.334	0.1442126
268.077	0.1441607
267.826	0.1441187
267.582	0.1440807
267.339	0.1440244
267.094	0.1439972
266.846	0.143945
266.594	0.1439127
266.345	0.1438635
266.1	0.1438183
265.86	0.143783
265.616	0.1437462
265.361	0.1437159
265.118	0.1436563
264.877	0.1436328
264.642	0.143573
264.411	0.1435437
264.187	0.1435157
263.962	0.1434658
263.735	0.1434316
263.504	0.1433993
263.273	0.1433643
263.043	0.1433388
262.819	0.1432752
262.581	0.1432646
262.356	0.1432099
262.135	0.1431776
261.919	0.143141
261.705	0.1431104
261.487	0.143073
261.271	0.1430368
261.057	0.1430052
260.848	0.1429771
260.64	0.1429349
260.429	0.1429066
260.214	0.1428778
260.012	0.1428316
259.806	0.1428035
259.604	0.1427768
259.398	0.1427378
259.195	0.1427017
258.988	0.1426821
258.781	0.1426411
258.57	0.1426059
258.364	0.1425849
258.159	0.1425535
257.953	0.1425195
257.749	0.1424937
257.553	0.1424557
257.357	0.1424267
257.162	0.1423954
256.968	0.1423665
256.776	0.1423411
256.585	0.142319
256.387	0.1422812
256.188	0.1422582
255.992	0.142229
255.803	0.1422043
255.619	0.1421734
255.425	0.1421424
255.235	0.1421117
255.038	0.1420914
254.844	0.1420563
254.658	0.1420311
254.474	0.1419898
254.299	0.1419758
254.129	0.1419717
253.95	0.1419327
253.761	0.1419012
253.57	0.1418653
253.39	0.1418483
253.221	0.141827
253.052	0.1417942
252.883	0.141769
252.714	0.141747
252.546	0.1417096
252.385	0.1416915
252.224	0.1416677
252.061	0.141647
251.897	0.1416178
251.733	0.1415882
251.57	0.1415718
251.405	0.1415575
251.236	0.1415127
251.07	0.1414917
250.905	0.1414693
250.744	0.1414442
250.582	0.1414271
250.426	0.1413999
250.279	0.1413865
250.128	0.1413531
249.98	0.1413273
249.833	0.1413132
249.68	0.1412881
249.523	0.1412685
249.375	0.1412552
249.228	0.1412302
249.078	0.141204
248.935	0.141188
248.787	0.141153
248.643	0.1411274
248.496	0.1411182
248.35	0.1411052
248.201	0.1410705
248.058	0.1410625
247.914	0.1410346
247.769	0.1410209
247.619	0.140991
247.477	0.1409648
247.339	0.1409448
247.2	0.1409325
247.065	0.1409067
246.933	0.140892
246.8	0.1408713
246.668	0.1408541
246.535	0.1408414
246.395	0.140815
246.259	0.1407928
246.128	0.140773
245.998	0.1407604
245.872	0.1407229
245.743	0.14071
245.61	0.1406973
245.476	0.1406779
245.347	0.1406621
245.224	0.1406402
245.103	0.1406166
244.982	0.1406064
244.856	0.140581
244.739	0.1405617
244.623	0.1405519
244.502	0.1405382
244.388	0.1405255
244.265	0.1404981
244.142	0.1404772
244.021	0.1404634
243.902	0.1404462
243.774	0.1404275
243.649	0.1404109
243.515	0.1404016
243.397	0.1403768
243.285	0.1403677
243.17	0.1403394
243.055	0.1403309
242.939	0.1402988
242.821	0.1402911
242.708	0.1402718
242.593	0.1402682
242.475	0.1402402
242.357	0.1402179
242.239	0.1402208
242.125	0.140191
242.013	0.1401771
241.901	0.1401727
241.772	0.1401568
241.65	0.1401351
241.54	0.1401064
241.436	0.1400891
241.331	0.140091
241.23	0.1400752
241.132	0.1400568
241.028	0.1400423
240.921	0.1400282
240.812	0.1400092
240.705	0.139999
240.601	0.1399804
240.497	0.1399591
240.394	0.1399485
240.289	0.1399401
240.182	0.1399279
240.079	0.1399067
239.979	0.1398933
239.873	0.139881
239.767	0.1398657
239.661	0.1398464
239.555	0.1398382
239.457	0.1398225
239.359	0.1398106
239.263	0.1397947
239.159	0.1397798
239.045	0.1397733
238.937	0.1397532
238.837	0.1397333
238.737	0.1397316
238.641	0.1397065
238.551	0.1396948
238.457	0.1396896
238.367	0.1396787
238.272	0.1396476
238.171	0.1396336
238.074	0.1396298
237.988	0.1396244
237.897	0.1396009
237.804	0.1395905
237.715	0.1395771
237.627	0.1395547
237.537	0.1395516
237.449	0.139534
237.355	0.1395147
237.256	0.1395084
237.166	0.1395043
237.081	0.1394901
236.997	0.1394748
236.914	0.1394639
236.836	0.1394573
236.747	0.1394425
236.661	0.1394203
236.573	0.1394145
236.486	0.1394004
236.396	0.1393947
236.307	0.139383
236.212	0.1393671
236.117	0.1393569
236.027	0.1393384
235.943	0.1393179
235.864	0.1393244
235.781	0.1393122
235.697	0.1392964
235.619	0.1392866
235.536	0.1392764
235.449	0.1392711
235.36	0.1392576
235.277	0.139248
235.202	0.1392327
235.129	0.1392141
235.049	0.1392142
234.964	0.1392031
234.875	0.139181
234.793	0.1391725
234.718	0.1391602
234.644	0.1391491
234.566	0.1391375
234.489	0.1391213
234.418	0.1391135
234.345	0.1391031
234.272	0.139091
234.2	0.139087
234.124	0.1390744
234.052	0.1390572
233.98	0.1390563
233.911	0.1390376
233.837	0.1390348
233.764	0.1390235
233.696	0.1390055
233.627	0.1389919
233.556	0.1389963
233.485	0.1389708
233.41	0.1389693
233.341	0.138964
233.265	0.1389409
233.19	0.1389361
233.121	0.1389223
233.052	0.13892
232.985	0.1389022
232.918	0.1388984
232.849	0.1388915
232.787	0.1388786
232.716	0.1388584
232.644	0.1388539
232.577	0.1388427
232.512	0.138833
232.452	0.1388334
232.387	0.1388124
232.322	0.1388021
232.257	0.1387993
232.193	0.1387898
232.13	0.13877
232.069	0.1387681
232.008	0.1387498
231.939	0.1387428
231.872	0.1387301
231.804	0.1387307
231.742	0.1387151
231.679	0.1387092
231.614	0.1386965
231.547	0.1386869
231.479	0.1386788
231.418	0.1386635
231.358	0.1386681
231.286	0.1386501
231.213	0.1386551
231.143	0.1386386
231.079	0.1386324
231.016	0.1386196
230.955	0.1386238
230.895	0.1386038
230.836	0.1385917
230.779	0.1385844
230.724	0.1385737
230.661	0.1385667
230.593	0.1385653
230.53	0.1385411
230.474	0.1385439
230.412	0.1385368
230.344	0.1385371
230.277	0.1385116
230.209	0.138489
230.147	0.1384939
230.088	0.1384753
230.021	0.1384845
229.95	0.1384651
229.881	0.1384467
229.822	0.1384423
229.764	0.1384456
229.709	0.1384291
229.654	0.1384266
229.599	0.1384143
229.542	0.1384152
229.484	0.1384015
229.424	0.1383882
229.367	0.1383865
229.308	0.1383798
229.25	0.1383691
229.192	0.1383606
229.131	0.1383538
229.065	0.1383342
229.005	0.1383352
228.95	0.1383193
228.896	0.1383267
228.841	0.1383044
228.787	0.1382912
228.729	0.1382926
228.673	0.1382859
228.619	0.1382765
228.567	0.1382684
228.516	0.138257
228.464	0.1382549
228.408	0.1382388
228.351	0.1382401
228.291	0.138225
228.219	0.1382303
228.151	0.1382144
228.087	0.1382004
228.029	0.1381727
227.964	0.1382021
227.907	0.1381728
227.848	0.1381638
227.785	0.1381572
227.718	0.1381616
227.659	0.1381513
227.595	0.138134
227.539	0.1381317
227.488	0.1381267
227.442	0.1381188
227.392	0.1381126
227.341	0.1380939
227.294	0.1380893
227.242	0.1380807
227.186	0.1380816
227.136	0.1380668
227.083	0.1380523
227.031	0.1380532
226.978	0.1380408
226.923	0.138042
226.873	0.1380346
226.826	0.1380393
226.776	0.1380158
226.726	0.138015
226.679	0.1379987
226.626	0.1379826
226.568	0.1379904
226.52	0.1379755
226.474	0.1379742
226.428	0.1379525
226.383	0.1379571
226.338	0.1379353
226.281	0.1379318
226.232	0.1379292
226.184	0.1379311
226.142	0.1379199
226.097	0.137921
226.053	0.1379042
226.004	0.1378957
225.95	0.1378973
225.897	0.137884
225.849	0.13788
225.804	0.1378729
225.758	0.1378625
225.714	0.1378618
225.667	0.1378527
225.613	0.1378445
225.56	0.1378334
225.511	0.1378235
225.465	0.1378171
225.414	0.1378238
225.368	0.1378014
225.322	0.1377962
225.276	0.1377851
225.234	0.1377857
225.191	0.1377812
225.148	0.137769
225.102	0.137775
225.054	0.1377597
225.008	0.1377513
224.96	0.1377428
224.915	0.13773
224.869	0.1377269
224.827	0.1377189
224.787	0.1377196
224.746	0.1377124
224.702	0.1377025
224.654	0.1376955
224.612	0.1376944
224.568	0.1376794
224.527	0.1376748
224.485	0.1376489
224.44	0.1376709
224.397	0.137661
224.355	0.1376473
224.309	0.1376423
224.263	0.1376354
224.215	0.1376115
224.158	0.1376081
224.105	0.1376156
224.063	0.1376096
224.022	0.1375992
223.978	0.1375887
223.936	0.1375788
223.893	0.1375815
223.845	0.1375735
223.792	0.137566
223.742	0.1375574
223.703	0.1375549
223.657	0.1375406
223.608	0.1375435
223.565	0.1375324
223.519	0.137506
223.472	0.1375304
223.423	0.1374949
223.377	0.137504
223.313	0.1375006
223.26	0.1374943
223.219	0.1374876
223.181	0.1374782
223.136	0.1374789
223.093	0.1374603
223.045	0.1374498
223.002	0.1374638
222.959	0.1374467
222.917	0.1374401
222.871	0.1374242
222.828	0.1374292
222.782	0.1374046
222.737	0.1374073
222.643	0.1374126
222.629	0.137398
222.602	0.1374021
222.567	0.1373935
222.523	0.1373856
222.485	0.1373751
222.444	0.1373663
222.405	0.1373707
222.366	0.1373486
222.327	0.1373554
222.284	0.1373437
222.24	0.1373425
222.196	0.1373446
222.152	0.1373174
222.108	0.1373216
222.068	0.1373094
222.023	0.1373009
221.973	0.1372944
221.909	0.1373184
221.848	0.137283
221.792	0.1372866
221.708	0.1372806
221.681	0.137293
221.645	0.137261
221.61	0.1372444
221.568	0.1372486
221.524	0.137251
221.484	0.1372252
221.441	0.1372209
221.39	0.1372299
221.345	0.1372162
221.302	0.137215
221.264	0.1372015
221.226	0.1372
221.183	0.1371868
221.131	0.1371818
221.085	0.1371753
221.045	0.1371717
220.999	0.1371694
220.954	0.1371552
220.91	0.1371591
220.861	0.1371558
220.802	0.1371501
220.756	0.1371396
220.718	0.1371376
220.679	0.1371304
220.632	0.1371277
220.592	0.1371104
220.554	0.1371004
220.513	0.1370956
220.468	0.1370865
220.405	0.1370931
220.357	0.1370771
220.318	0.137067
220.284	0.1370669
220.253	0.1370624
220.222	0.137058
220.184	0.1370269
220.145	0.1370425
220.103	0.1370334
220.06	0.1370183
220.017	0.1370114
219.974	0.1370219
219.934	0.1369984
219.893	0.1370023
219.854	0.1369777
219.805	0.1369924
219.756	0.1369863
219.716	0.1369809
219.675	0.1369717
219.638	0.1369749
219.596	0.1369592
219.545	0.1369514
219.497	0.1369409
219.459	0.1369422
219.422	0.1369207
219.381	0.1369275
219.342	0.1369191
219.299	0.1369089
219.258	0.1369148
219.225	0.1369103
219.189	0.1368952
219.148	0.1368907
219.114	0.136887
219.08	0.1368564
219.037	0.1368639
218.999	0.1368661
218.953	0.1368563
218.914	0.1368516
218.88	0.1368413
218.843	0.1368419
218.799	0.1368264
218.756	0.1368366
218.703	0.1368345
218.653	0.1368154
218.611	0.1368092
218.569	0.1368104
218.529	0.1368033
218.491	0.136795
218.45	0.1367848
218.41	0.1367831
218.376	0.1367734
218.336	0.1367697
218.3	0.1367705
218.263	0.1367681
218.224	0.1367602
218.18	0.1367414
218.135	0.1367325
218.095	0.1367289
218.042	0.1367242
217.99	0.1367137
217.946	0.1367091
217.905	0.1367013
217.865	0.136693
217.828	0.1366757
217.789	0.1366802
217.748	0.1366865
217.714	0.1366844
217.679	0.1366695
217.637	0.1366553
217.598	0.1366642
217.558	0.1366519
217.518	0.1366606
217.477	0.136645
217.436	0.136646
217.388	0.1366297
217.349	0.1366158
217.31	0.1366232
217.271	0.1366077
217.233	0.1366
217.194	0.1366136
217.147	0.1365919
217.097	0.1365938
217.056	0.1365719
217.015	0.1365737
216.981	0.1365747
216.943	0.1365606
216.902	0.1365602
216.866	0.1365751
216.831	0.1365547
216.789	0.136537
216.732	0.1365453
216.678	0.1365109
216.631	0.136525
216.589	0.1365074
216.552	0.1365003
216.514	0.1365063
216.478	0.1365094
216.43	0.1365001
216.381	0.1364824
216.339	0.1364673
216.299	0.1364699
216.263	0.136474
216.229	0.1364648
216.184	0.1364696
216.129	0.1364459
216.09	0.1364374
216.051	0.136437
216.014	0.1364307
215.972	0.1364275
215.93	0.136412
215.891	0.1364013
215.848	0.1364157
215.803	0.1363937
215.762	0.136391
215.717	0.1363918
215.679	0.1363745
215.639	0.1363956
215.597	0.1363756
215.559	0.1363714
215.515	0.1363449
215.479	0.1363608
215.438	0.1363481
215.399	0.1363366
215.359	0.136345
215.321	0.1363346
215.286	0.1363263
215.255	0.1363083
215.223	0.1363204
215.191	0.1362979
215.152	0.1363032
215.114	0.1362932
215.064	0.1362853
215.019	0.1362921
214.971	0.1362751
214.932	0.1362453
214.888	0.1362649
214.842	0.1362704
214.79	0.1362529
214.743	0.1362557
214.705	0.1362299
214.669	0.1362417
214.629	0.1362236
214.589	0.136206
214.54	0.1362262
214.5	0.1361997
214.466	0.1361984
214.43	0.1361934
214.382	0.1362023
214.328	0.1361856
214.284	0.1361925
214.241	0.1361749
214.204	0.1361708
214.162	0.136161
214.12	0.1361616
214.085	0.1361548
214.044	0.1361351
214.001	0.13615
213.964	0.1361381
213.925	0.1361223
213.891	0.1361265
213.857	0.1361195
213.817	0.1361073
213.781	0.1360945
213.742	0.1360804
213.702	0.1360984
213.663	0.1360936
213.615	0.1360847
213.568	0.1360847
213.528	0.1360664
213.496	0.1360601
213.458	0.1360488
213.412	0.1360492
213.372	0.1360336
213.333	0.1360451
213.285	0.1360212
213.236	0.136013
213.189	0.136025
213.136	0.1360123
213.093	0.1359974
213.058	0.1360085
213.016	0.1359993
212.963	0.1359922
212.926	0.1359756
212.889	0.1359701
212.846	0.1359633
212.807	0.1359594
212.773	0.1359577
212.734	0.1359336
212.698	0.1359299
212.665	0.1359291
212.628	0.1359363
212.586	0.1359248
212.541	0.1359199
212.492	0.1359055
212.445	0.1359163
212.402	0.1359003
212.36	0.1358889
212.319	0.1358981
212.277	0.1358747
212.228	0.1358786
212.186	0.1358795
212.149	0.1358599
212.098	0.1358455
212.055	0.1358541
212.015	0.1358396
211.981	0.1358518
211.956	0.1358285
211.922	0.1358366
211.885	0.1358186
211.847	0.1358267
211.805	0.1358091
211.765	0.1358031
211.729	0.1358039
211.691	0.1357791
211.66	0.135794
211.627	0.1357733
211.588	0.1357681
211.556	0.1357708
211.511	0.1357568
211.469	0.1357792
211.427	0.1357396
211.388	0.135742
211.344	0.1357361
211.302	0.1357345
211.268	0.1357155
211.239	0.1357175
211.208	0.1357254
211.168	0.1357019
211.134	0.1357077
211.091	0.1356918
211.048	0.1356875
211.004	0.1356873
210.955	0.1356887
210.91	0.1356734
210.87	0.1356574
210.837	0.135667
210.799	0.1356609
210.761	0.135641
210.72	0.1356537
210.679	0.1356279
210.638	0.1356267
210.592	0.1356186
210.546	0.135608
210.513	0.135599
210.482	0.1356087
210.451	0.1356095
210.419	0.1355922
210.383	0.1355719
210.339	0.1355763
210.303	0.1355759
210.267	0.135569
210.22	0.1355594
210.18	0.1355579
210.141	0.1355552
208.484	0.1355576
202.352	0.1355426
205.72	0.135535
207.574	0.135514
208.584	0.1355191
209.134	0.1355209
209.414	0.1355136
209.547	0.1355003
209.608	0.1354841
209.622	0.135483
209.605	0.1354802
209.582	0.1354748
209.556	0.1354709
209.522	0.1354771
209.486	0.1354716
209.444	0.1354494
209.392	0.135444
209.351	0.1354472
209.308	0.1354383
209.274	0.135425
209.24	0.1354275
209.201	0.1354075
209.156	0.1354094
209.095	0.1353991
209.039	0.135401
209.001	0.1353963
208.962	0.1353901
208.928	0.1353807
208.889	0.1353765
208.853	0.135368
208.812	0.1353553
208.769	0.1353673
208.719	0.1353572
208.671	0.1353412
208.63	0.1353379
208.589	0.1353203
208.547	0.1353231
208.505	0.1353094
208.463	0.1353017
208.423	0.1352997
208.381	0.1352893
208.336	0.1352848
208.29	0.135283
208.24	0.1352813
208.195	0.1352652
208.149	0.1352574
208.105	0.1352607
208.062	0.1352549
208.02	0.1352537
207.976	0.1352455
207.928	0.1352388
207.88	0.1352378
207.835	0.1352294
207.795	0.1352137
207.756	0.1352121
207.71	0.1351916
207.659	0.1351866
207.606	0.1351662
207.551	0.1352253
207.494	0.1351787
207.457	0.1351783
207.427	0.1351705
207.397	0.1351615
207.367	0.1351753
207.325	0.1351492
207.288	0.1351342
207.247	0.1351575
207.204	0.1351281
207.143	0.1351232
207.093	0.1351234
207.045	0.1351232
207.006	0.135104
206.964	0.1351043
206.917	0.1350969
206.871	0.1350646
206.828	0.135084
206.787	0.1350881
206.749	0.1350768
206.711	0.1350613
206.673	0.1350646
206.635	0.1350497
206.591	0.1350429
206.541	0.1350427
206.498	0.1350254
206.459	0.1350284
206.422	0.1350152
206.377	0.1350082
206.339	0.1350126
206.3	0.1349997
206.248	0.1349699
206.197	0.1349915
206.134	0.134978
206.086	0.1349608
206.046	0.1349537
206	0.1349251
205.956	0.1349535
205.917	0.1349451
205.872	0.1349235
205.818	0.1349285
205.76	0.1349194
205.701	0.1349059
205.656	0.134923
205.621	0.1348916
205.586	0.1349048
205.555	0.1348543
205.522	0.1348658
205.487	0.1348758
205.448	0.1348821
205.404	0.1348653
205.369	0.1348683
205.334	0.1348635
205.295	0.134851
205.247	0.1348304
205.188	0.13485
205.142	0.1348244
205.093	0.1348383
205.048	0.1348359
205	0.1348058
204.956	0.1348176
204.911	0.1347879
204.872	0.1347891
204.835	0.1347959
204.786	0.1347774
204.737	0.1347805
204.683	0.1347613
204.641	0.1347769
204.602	0.1347571
204.566	0.1347555
204.529	0.1347449
204.484	0.1347531
204.437	0.1347409
204.395	0.1347221
204.352	0.1347166
204.308	0.134724
204.258	0.1347135
204.209	0.1346994
204.165	0.1346939
204.121	0.1346804
204.073	0.1346733
204.021	0.1346519
203.971	0.1346403
203.922	0.1346405
203.872	0.1346474
203.817	0.1346461
203.774	0.1346411
203.728	0.1346211
203.677	0.134619
203.628	0.1346253
203.578	0.1346062
203.527	0.1346115
203.485	0.1345908
203.438	0.1345889
203.393	0.1345731
203.349	0.1345737
203.305	0.1345726
203.266	0.1345585
203.223	0.1345687
203.183	0.1345616
203.14	0.1345582
203.095	0.1345503
203.051	0.1345273
203.009	0.1345246
202.959	0.1345264
202.907	0.134496
202.847	0.1345027
202.8	0.134507
202.752	0.134506
202.71	0.1344851
202.663	0.1344684
202.603	0.1344816
202.548	0.134446
202.498	0.1344574
202.45	0.134452
202.405	0.1344734
202.368	0.1344299
202.335	0.1344289
202.298	0.134424
202.251	0.134427
202.204	0.1344093
202.155	0.1344115
202.108	0.1343968
202.06	0.1343974
202.019	0.1343823
201.979	0.1343719
201.934	0.1343747
201.882	0.1343654
201.839	0.1343597
201.796	0.1343453
201.748	0.1343497
201.703	0.1343428
201.657	0.1343446
201.609	0.1343123
201.566	0.1343117
201.517	0.134308
201.474	0.1343049
201.43	0.1343063
201.385	0.1343048
201.33	0.1342977
201.276	0.1342864
201.217	0.1342656
201.162	0.1342601
201.115	0.1342591
201.07	0.1342402
201.026	0.1342514
200.987	0.1342455
200.945	0.1342344
200.888	0.1342168
200.833	0.1342244
200.787	0.1342078
200.741	0.1341819
200.687	0.1342027
200.642	0.1341894
200.591	0.1341895
200.54	0.1341743
200.49	0.1341618
200.446	0.1341578
200.402	0.1341569
200.357	0.1341388
200.304	0.1341453
200.253	0.1341143
200.203	0.1341434
200.154	0.134126
200.109	0.1341117
200.056	0.1341251
200.008	0.1340865
199.947	0.1340898
199.899	0.1340968
199.858	0.1340688
199.812	0.1340668
199.762	0.1340505
199.713	0.1340468
199.659	0.1340517
199.603	0.1340581
199.551	0.1340425
199.475	0.1340446
199.419	0.1340334
199.375	0.1340192
199.338	0.13401
199.294	0.1340246
199.245	0.1340097
199.195	0.1339993
199.149	0.13398
199.102	0.1339797
199.043	0.1339676
198.991	0.1339642
198.936	0.1339637
198.871	0.1339513
198.815	0.1339511
198.754	0.1339424
198.689	0.1339434
198.639	0.1339201
198.586	0.1339047
198.535	0.1339168
198.477	0.1338978
198.411	0.1338952
198.366	0.1339001
198.316	0.1338801
198.269	0.1338754
198.217	0.1338751
198.161	0.1338644
198.106	0.1338536
198.053	0.1338439
198.008	0.133844
197.964	0.1338366
197.922	0.1338175
197.878	0.1338221
197.836	0.1338109
197.786	0.133817
197.728	0.1337841
197.666	0.1337988
197.607	0.1337739
197.556	0.1337699
197.508	0.1337643
197.467	0.1337599
197.425	0.1337609
197.374	0.1337635
197.32	0.1337519
197.266	0.1337343
197.217	0.1337337
197.16	0.1337211
197.112	0.1337121
197.067	0.1337167
197.017	0.1336776
196.97	0.1336964
196.927	0.1336778
196.882	0.13366
196.833	0.1336333
196.775	0.1336614
196.719	0.1336682
196.67	0.1336503
196.619	0.1336504
196.573	0.1336257
196.533	0.1336367
196.477	0.1336024
196.429	0.1336113
196.374	0.1336006
196.327	0.1335928
196.276	0.1335794
196.224	0.1335658
196.171	0.133585
196.117	0.1335607
196.054	0.1335546
195.988	0.1335384
195.93	0.1335457
195.885	0.1335467
195.84	0.1335305
195.782	0.1335249
195.738	0.133539
195.696	0.1335094
195.642	0.1335029
195.595	0.1334809
195.549	0.1334782
195.498	0.1334441
195.43	0.1334767
195.365	0.1334853
195.305	0.1334613
195.26	0.1334595
195.212	0.1334516
195.161	0.1334392
195.104	0.1334324
195.053	0.1334222
194.996	0.1334077
194.934	0.1334146
194.872	0.1334181
194.806	0.1334113
194.744	0.1333999
194.694	0.1333807
194.645	0.1333446
194.6	0.1333766
194.558	0.1333536
194.512	0.1333503
194.462	0.1333365
194.417	0.1333359
194.36	0.1333378
194.305	0.1332999
194.252	0.1333056
194.205	0.133284
194.165	0.1332949
194.12	0.1333055
194.073	0.133291
194.017	0.1332606
193.963	0.1332688
193.907	0.133258
193.86	0.1332275
193.801	0.1332511
193.731	0.133236
193.67	0.1332171
193.617	0.1332194
193.557	0.1332271
193.492	0.1332093
193.433	0.133236
193.361	0.1332141
193.298	0.1331868
193.248	0.1331696
193.192	0.1331674
193.129	0.133164
193.068	0.1331589
193.024	0.1331652
192.982	0.1331356
192.927	0.1331216
192.874	0.1331374
192.819	0.1331328
192.763	0.1331156
192.709	0.1331171
192.65	0.1331053
192.604	0.1330996
192.563	0.1330872
192.525	0.1330839
192.485	0.1330675
192.436	0.1330585
192.373	0.1330555
192.31	0.1330768
192.256	0.1330434
192.203	0.1330215
192.146	0.1330198
192.094	0.1330149
192.042	0.1330143
191.987	0.1329992
191.926	0.132998
191.882	0.1330079
191.831	0.1329897
191.77	0.1329671
191.695	0.1329641
191.631	0.1329555
191.577	0.1329431
191.524	0.1329546
191.47	0.1329336
191.425	0.1329249
191.373	0.132916
191.318	0.1329023
191.266	0.1329276
191.207	0.1328984
191.149	0.1329179
191.096	0.132863
191.037	0.1328839
190.974	0.1328887
190.914	0.1328626
190.844	0.1328446
190.782	0.1328573
190.731	0.1328636
190.67	0.1328569
190.603	0.1328516
190.539	0.1328261
190.482	0.1328116
190.431	0.1327991
190.379	0.1328321
190.33	0.1327974
190.278	0.1327991
190.228	0.1327737
190.162	0.1327654
190.108	0.1327733
190.055	0.1327611
190.001	0.132737
189.952	0.1327314
189.9	0.1327365
189.838	0.1326972
189.756	0.1327162
189.695	0.1326887
189.638	0.1327099
189.579	0.1326891
189.528	0.1326904
189.464	0.1326885
189.391	0.1326634
189.323	0.1326668
189.269	0.13266
189.198	0.1326351
189.11	0.1326655
189.051	0.132647
189.005	0.1325977
188.948	0.1326142
188.883	0.1326304
188.818	0.1325927
188.755	0.1325718
188.702	0.1325893
188.64	0.1325944
188.572	0.1325584
188.512	0.132536
188.449	0.1325343
188.38	0.1325374
188.311	0.1325276
188.246	0.1325464
188.192	0.1325183
188.133	0.1324985
188.061	0.1325055
187.984	0.1325099
187.907	0.1325015
187.834	0.1324928
187.753	0.1324667
187.69	0.1324632
187.626	0.1324769
187.576	0.1324434
187.534	0.1324336
187.5	0.132438
187.44	0.1324273
187.378	0.1324175
187.304	0.1324093
187.218	0.1324162
187.122	0.1323841
187.034	0.132407
186.945	0.1323752
186.877	0.1323741
186.824	0.1323648
186.774	0.1323663
186.718	0.1323452
186.663	0.1323374
186.611	0.1323192
186.558	0.1323223
186.506	0.1323177
186.436	0.1323281
186.38	0.1323086
186.317	0.1322993
186.25	0.1322858
186.196	0.132282
186.147	0.1322567
186.077	0.1322497
185.999	0.1322578
185.942	0.1322348
185.888	0.1322276
185.815	0.1322208
185.753	0.1322311
185.69	0.1322107
185.637	0.1321713
185.582	0.1321688
185.51	0.1321711
185.429	0.1321927
185.355	0.1321511
185.297	0.1321746
185.241	0.1321652
185.166	0.1321473
185.106	0.1321394
185.041	0.1321328
184.982	0.1321141
184.923	0.1321523
184.86	0.1321053
184.796	0.1321004
184.721	0.1320842
184.643	0.1321329
184.574	0.1320767
184.498	0.1320513
184.428	0.1320597
184.365	0.1320517
184.318	0.13205
184.267	0.1320343
184.206	0.1320218
184.145	0.1320178
184.062	0.1320263
183.996	0.1319956
183.944	0.1319803
183.887	0.1319763
183.826	0.1319579
183.748	0.1319883
183.669	0.131978
183.583	0.1319328
183.509	0.1319281
183.437	0.1319194
183.376	0.1319133
183.302	0.1319345
183.23	0.1319269
183.163	0.1318965
183.098	0.1318914
183.02	0.1318767
182.945	0.131851
182.867	0.1318435
182.796	0.1318697
182.742	0.1318417
182.693	0.1318627
182.649	0.1318462
182.603	0.1318076
182.549	0.1318212
182.488	0.1318148
182.435	0.1317887
182.374	0.1317861
182.304	0.1317672
182.226	0.1317666
182.159	0.131765
182.087	0.1317625
182.03	0.1317345
181.98	0.1317392
181.926	0.1317374
181.867	0.1317205
181.813	0.1317171
181.751	0.1317008
181.683	0.131692
181.615	0.1317113
181.55	0.1317091
181.49	0.1316705
181.441	0.1316874
181.393	0.131659
181.33	0.131629
181.275	0.1316657
181.21	0.1316228
181.145	0.1316184
181.072	0.1315878
181.01	0.1315783
180.944	0.1315734
180.882	0.1315803
180.805	0.1315829
180.734	0.1315774
180.664	0.1315605
180.583	0.1315496
180.515	0.1315638
180.461	0.1315581
180.407	0.1315212
180.356	0.1315121
180.299	0.1315067
180.242	0.1314815
180.166	0.1314994
180.102	0.1314816
180.042	0.131492
179.974	0.1314707
179.919	0.1314714
179.849	0.1314371
179.77	0.1314449
179.701	0.1314273
179.624	0.1314349
179.561	0.131421
179.497	0.1314088
179.445	0.1314329
179.379	0.1313987
179.321	0.1313882
179.248	0.1313597
179.174	0.1313681
179.114	0.1313654
179.056	0.1313519
178.995	0.1313418
178.946	0.1313391
178.894	0.131322
178.822	0.1313054
178.756	0.1313083
178.68	0.1313095
178.615	0.1312944
178.555	0.1312954
178.497	0.1312632
178.43	0.131264
178.358	0.1312627
178.289	0.1312457
178.226	0.1312288
178.174	0.1312354
178.117	0.1312226
178.049	0.1312087
177.979	0.1312016
177.91	0.1312026
177.853	0.1311854
177.791	0.1311916
177.737	0.1311686
177.661	0.1311452
177.583	0.1311665
177.511	0.1311612
177.448	0.1311235
177.385	0.1311291
177.32	0.1311173
177.247	0.1311046
177.18	0.1311178
177.117	0.1310757
177.063	0.131088
176.991	0.1310831
176.915	0.1310752
176.85	0.1310728
176.79	0.1310632
176.743	0.1310405
176.685	0.1310228
176.627	0.1310214
176.566	0.1310166
176.5	0.1310266
176.442	0.1310168
176.392	0.1309922
176.337	0.1309759
176.273	0.1309959
176.204	0.1309824
176.114	0.1309607
176.039	0.1309346
175.982	0.1309336
175.92	0.130942
175.861	0.1309283
175.806	0.1309216
175.741	0.130895
175.668	0.1308834
175.599	0.1309014
175.531	0.1309188
175.474	0.1308771
175.417	0.1308734
175.354	0.1308459
175.29	0.1308562
175.225	0.1308427
175.168	0.1308627
175.112	0.1308239
175.052	0.130798
174.978	0.1308068
174.896	0.1307908
174.829	0.1308051
174.763	0.1307918
174.692	0.1307717
174.622	0.1307531
174.562	0.1307624
174.504	0.1307608
174.451	0.1307379
174.395	0.1307302
174.331	0.1307051
174.242	0.1307464
174.163	0.1307218
174.083	0.1306936
174.006	0.1307162
173.941	0.1306707
173.875	0.130671
173.792	0.1306593
173.719	0.1306629
173.658	0.1306458
173.605	0.1306188
173.548	0.1306295
173.499	0.130627
173.443	0.1306185
173.386	0.1305836
173.321	0.1305941
173.257	0.1305892
173.175	0.1305878
173.105	0.1305629
173.05	0.1305749
172.983	0.1305327
172.91	0.1305513
172.814	0.130508
172.729	0.1305136
172.657	0.1305127
172.584	0.1305097
172.537	0.1305002
172.486	0.1304939
172.437	0.1304677
172.359	0.1304793
172.292	0.1304592
172.224	0.1304528
172.151	0.1304596
172.078	0.1304355
172.015	0.1304256
171.961	0.1304107
171.904	0.1304018
171.846	0.1303917
171.795	0.1303981
171.725	0.1303929
171.648	0.1303901
171.575	0.130354
171.5	0.1303649
171.414	0.1303566
171.333	0.1303475
171.243	0.1303235
171.166	0.1303342
171.15	0.1303151
171.076	0.1302966
171.014	0.1302978
170.946	0.1302905
170.88	0.1302885
170.817	0.1302892
170.736	0.1302509
170.623	0.1302442
170.537	0.1302562
170.46	0.1302451
170.387	0.1302209
170.309	0.1302185
170.239	0.1301901
170.163	0.1301958
170.106	0.130199
170.052	0.1301975
169.971	0.130214
169.897	0.1301562
169.831	0.1301291
169.762	0.1301418
169.704	0.1301457
169.632	0.1301251
169.564	0.1301684
169.499	0.1301094
169.429	0.1301073
169.371	0.13009
169.292	0.1300749
169.218	0.1300781
169.146	0.1300941
169.071	0.1300748
169.013	0.1300718
168.954	0.1300354
168.904	0.1300274
168.839	0.1300323
168.762	0.1300139
168.696	0.1300296
168.639	0.1300107
168.576	0.1300113
168.504	0.1299906
168.437	0.1299787
168.38	0.1299784
168.304	0.1299547
168.216	0.1299472
168.154	0.1299424
168.109	0.1299115
168.063	0.1299256
167.997	0.1299113
167.937	0.129906
167.867	0.1299185
167.811	0.1298845
167.75	0.1298835
167.685	0.1298694
167.6	0.1298213
167.517	0.1298529
167.427	0.129836
167.35	0.1298275
167.288	0.1298503
167.227	0.129818
167.156	0.1298052
167.085	0.1298103
167.001	0.1297891
166.911	0.1297536
166.827	0.1297782
166.763	0.1297737
166.693	0.1297726
166.628	0.1297199
166.563	0.1297491
166.497	0.1297324
166.423	0.1297189
166.372	0.1297329
166.3	0.129725
166.232	0.1296837
166.174	0.1296866
166.101	0.1296606
166.033	0.1296739
165.965	0.1296624
165.9	0.1296615
165.867	0.1296441
165.792	0.129623
165.721	0.1296282
165.633	0.129605
165.557	0.1295882
165.464	0.1295811
165.39	0.1295751
165.332	0.1295847
165.265	0.1295577
165.2	0.1295498
165.143	0.1295611
165.063	0.1295267
164.962	0.1295325
164.878	0.1295607
164.82	0.1295116
164.748	0.1294938
164.655	0.1294969
164.589	0.1294976
164.539	0.1294774
164.487	0.12948
164.438	0.1294533
164.381	0.1294417
164.326	0.1294565
164.257	0.1294287
164.183	0.1294521
164.1	0.1294204
164.032	0.1294001
163.98	0.1294043
163.909	0.1294034
163.854	0.1293793
163.788	0.1293757
163.719	0.1293755
163.646	0.1293452
163.576	0.1293498
163.5	0.1293497
163.414	0.1293505
163.337	0.1293326
163.273	0.1292884
163.207	0.1293059
163.149	0.1292933
163.074	0.1292704
163.008	0.1292734
162.929	0.1292768
162.864	0.1292691
162.809	0.1292247
162.746	0.129251
162.677	0.1292255
162.612	0.1292123
162.535	0.1292146
162.451	0.1291995
162.377	0.1292024
162.332	0.1291956
162.281	0.1291646
162.217	0.1291698
162.163	0.1291502
162.103	0.1291457
162.038	0.1291244
161.965	0.1291438
161.901	0.1291213
161.841	0.129111
161.772	0.1291064
161.686	0.1290953
161.608	0.1290756
161.538	0.1290856
161.47	0.1290733
161.403	0.1290756
161.337	0.1290737
161.246	0.1290388
161.16	0.1290338
161.086	0.129032
161.02	0.1290235
160.943	0.1290118
160.871	0.1290115
160.785	0.128996
160.715	0.1289807
160.646	0.1289428
160.589	0.1289687
160.518	0.1289447
160.446	0.1289569
160.379	0.1289583
160.303	0.1289389
160.228	0.1289147
160.167	0.1289218
160.102	0.1289015
160.048	0.1289013
159.996	0.1288861
159.936	0.1288646
159.867	0.1288641
159.803	0.1288606
159.751	0.1288618
159.679	0.1288495
159.592	0.1288265
159.531	0.1288235
159.482	0.1287989
159.42	0.128814
159.343	0.1288247
159.258	0.1287941
159.198	0.1287775
159.132	0.1287842
159.067	0.1287696
158.991	0.1287377
158.922	0.1287364
158.873	0.1287388
158.794	0.1287468
158.72	0.1287128
158.644	0.1287113
158.568	0.1286866
158.504	0.1286854
158.447	0.1286894
158.389	0.1286826
158.328	0.1286738
158.256	0.128646
158.18	0.1286576
158.117	0.1286618
158.057	0.1286435
157.973	0.1286178
157.906	0.1286239
157.842	0.1285935
157.775	0.1286052
157.705	0.1285715
157.634	0.1285793
157.571	0.1285725
157.5	0.1285577
157.444	0.1285348
157.39	0.128537
157.32	0.1285323
157.255	0.1285151
157.189	0.1285182
157.123	0.1285358
157.047	0.1285023
156.976	0.1284977
156.918	0.1284826
156.851	0.1284883
156.778	0.1284557
156.719	0.1284641
156.656	0.1284601
156.587	0.1284431
156.519	0.1284122
156.432	0.1283996
156.356	0.128399
156.297	0.1283943
156.221	0.1284001
156.145	0.1283745
156.074	0.1283688
156.019	0.1283481
155.959	0.1283547
155.899	0.1283487
155.848	0.1283476
155.805	0.1283367
155.73	0.1283161
155.667	0.1283107
155.592	0.1283182
155.508	0.1282923
155.442	0.1282952
155.367	0.1282759
155.306	0.1282796
155.244	0.1282762
155.172	0.1282689
155.101	0.1282405
155.05	0.1282391
154.974	0.1282445
154.899	0.1282109
154.828	0.1282228
154.76	0.128201
154.702	0.1281738
154.63	0.128178
154.561	0.1281795
154.503	0.1281623
154.439	0.1281671
154.366	0.1281503
154.275	0.1281705
154.205	0.1281266
154.122	0.1281301
154.053	0.1281303
153.986	0.1281073
153.917	0.1281049
153.851	0.1281262
153.766	0.1280556
153.676	0.1280811
153.608	0.1280528
153.552	0.1280838
153.501	0.1280492
153.422	0.1280584
153.348	0.1279962
153.286	0.1280249
153.217	0.1280329
153.15	0.1280117
153.099	0.1279883
153.038	0.127965
152.977	0.127978
152.895	0.1279848
152.82	0.1279489
152.749	0.1279475
152.679	0.1279391
152.618	0.1279148
152.535	0.1279312
152.473	0.1279087
152.417	0.127908
152.344	0.1278671
152.288	0.1278862
152.218	0.127893
152.151	0.1278812
152.076	0.1278579
152.007	0.1278397
151.924	0.1278554
151.844	0.1278274
151.781	0.127833
151.691	0.1278077
151.605	0.1278143
151.536	0.127797
151.471	0.1277786
151.413	0.1277857
151.349	0.1277635
151.271	0.1277673
151.211	0.1277321
151.131	0.127719
151.051	0.1277225
150.978	0.1277434
150.92	0.1277319
150.876	0.1277086
150.826	0.127703
150.754	0.1276801
150.689	0.1276739
150.604	0.1276802
150.53	0.1276793
150.479	0.1276731
150.423	0.127653
150.35	0.1276538
150.273	0.1276515
150.209	0.1276229
150.147	0.127608
150.088	0.1276227
150.014	0.1276174
149.952	0.127596
149.877	0.1275683
149.814	0.1275725
149.747	0.1275681
149.686	0.1275754
149.629	0.1275638
149.568	0.1275381
149.508	0.1275357
149.437	0.1275156
149.367	0.1275099
149.309	0.12749
149.237	0.1274965
149.165	0.1274819
149.092	0.1274745
149.03	0.1274654
148.965	0.1274557
148.903	0.1274611
148.85	0.1274272
148.77	0.1274501
148.695	0.1274313
148.615	0.127415
148.549	0.1274048
148.472	0.1274197
148.397	0.1273967
148.311	0.1274115
148.229	0.1273863
148.161	0.127365
148.08	0.1273547
147.99	0.1273578
147.929	0.1273465
147.874	0.1273297
147.818	0.1273521
147.757	0.1273143
147.693	0.1272923
147.611	0.1272896
147.542	0.1273309
147.466	0.1272742
147.388	0.1272806
147.33	0.1272569
147.272	0.1272272
147.215	0.1272362
147.127	0.1272517
147.024	0.1272335
146.948	0.1272089
146.872	0.1272299
146.8	0.1272229
146.73	0.127214
146.658	0.1271803
146.589	0.1271733
146.534	0.1271793
146.456	0.1271792
146.379	0.1271572
146.306	0.1271555
146.238	0.1271343
146.176	0.1271322
146.132	0.1271289
146.08	0.1271184
146.021	0.1270984
145.961	0.1271049
145.898	0.1270876
145.825	0.1270864
145.757	0.1270689
145.674	0.127053
145.602	0.127093
145.525	0.1270574
145.454	0.1270442
145.391	0.1270194
145.344	0.1270405
145.302	0.1270415
145.245	0.1269958
145.181	0.1270035
145.105	0.1269958
145.034	0.1269702
144.946	0.1269811
144.851	0.1269621
144.784	0.1269656
144.714	0.1269363
144.645	0.1269373
144.555	0.1269246
144.448	0.1269193
144.367	0.1269105
144.298	0.1269127
144.24	0.1268978
144.187	0.1268977
144.152	0.1268916
144.086	0.1268746
144.008	0.1268554
143.943	0.126872
143.873	0.1268459
143.809	0.1268514
143.746	0.1268395
143.656	0.1268179
143.575	0.1267979
143.504	0.1267791
143.423	0.1268226
143.34	0.1267881
143.276	0.1268024
143.212	0.1267859
143.15	0.1267642
143.067	0.1267451
142.993	0.1267657
142.935	0.1267477
142.873	0.1267413
142.807	0.1267422
142.737	0.1267309
142.675	0.1267039
142.608	0.126716
142.546	0.1266906
142.482	0.1266814
142.403	0.1266619
142.326	0.126657
142.26	0.1266756
142.209	0.1266404
142.149	0.1266349
142.078	0.1266453
142.016	0.1266341
141.971	0.1266117
141.916	0.1266198
141.842	0.1266122
141.753	0.1265987
141.674	0.1266038
141.6	0.1265665
141.516	0.1265787
141.452	0.1265628
141.388	0.1265483
141.31	0.1265512
141.218	0.1265162
141.139	0.1265234
141.079	0.1265102
141.018	0.1265114
140.969	0.1265048
140.909	0.1264957
140.854	0.1264592
140.778	0.1264849
140.715	0.1264594
140.653	0.1264659
140.598	0.1264625
140.531	0.1264452
140.459	0.1264277
140.384	0.1264251
140.319	0.1264322
140.257	0.1264151
140.189	0.1264108
140.106	0.1263926
140.035	0.1263872
139.961	0.1263805
139.897	0.1263953
139.85	0.1263809
139.792	0.1263623
139.725	0.1263437
139.657	0.1263559
139.584	0.1263521
139.492	0.1263231
139.426	0.1263368
139.378	0.1263329
139.312	0.1263066
139.232	0.1262989
139.158	0.126278
139.083	0.1263101
138.993	0.126286
138.918	0.1262623
138.863	0.126239
138.807	0.1262526
138.756	0.1262539
138.697	0.1262356
138.639	0.1262292
138.57	0.1262158
138.511	0.1262278
138.439	0.1262107
138.368	0.1262018
138.303	0.1261984
138.238	0.1261763
138.179	0.1261916
138.108	0.1261339
138.037	0.1261696
137.972	0.1261483
137.901	0.1261376
137.838	0.1261204
137.776	0.1261321
137.711	0.1261229
137.653	0.1261141
137.559	0.1261161
137.464	0.1261159
137.389	0.1260746
137.325	0.1260707
137.255	0.1260761
137.169	0.126036
137.099	0.1260509
137.028	0.1260431
136.964	0.1260454
136.908	0.1260384
136.855	0.1260316
136.787	0.1260226
136.717	0.126004
136.647	0.1260026
136.58	0.1259889
136.512	0.1259914
136.461	0.1259681
136.412	0.1259615
136.351	0.1259744
136.291	0.125985
136.216	0.1259403
136.145	0.1259358
136.082	0.1259312
136.018	0.1259318
135.962	0.1258992
135.903	0.1259114
135.844	0.1258991
135.773	0.1258824
135.685	0.1258971
135.6	0.1258637
135.525	0.1258744
135.458	0.1258586
135.391	0.1258644
135.329	0.1258559
135.286	0.1258392
135.243	0.125835
135.197	0.1258199
135.131	0.1258151
135.032	0.1258176
134.955	0.1257984
134.879	0.1257841
134.793	0.1257826
134.725	0.1257713
134.673	0.1257584
134.613	0.1257564
134.551	0.1257444
134.476	0.1257614
134.414	0.1257394
134.331	0.1257443
134.273	0.1257269
134.217	0.1257084
134.174	0.1257024
134.113	0.1256846
134.025	0.1256923
133.94	0.1256744
133.868	0.125687
133.8	0.1256819
133.75	0.1256439
133.703	0.1256545
133.642	0.1256664
133.568	0.125635
133.505	0.1256225
133.43	0.1256498
133.364	0.1256251
133.295	0.1256069
133.236	0.125605
133.161	0.125585
133.106	0.1255921
133.054	0.1255739
132.985	0.1255798
132.916	0.1255927
132.852	0.1255696
132.789	0.1255427
132.717	0.1255468
132.65	0.1255649
132.572	0.1255242
132.481	0.1255349
132.405	0.1255236
132.338	0.1254944
132.268	0.1255058
132.197	0.1254887
132.14	0.1254809
132.086	0.1254859
132.02	0.1254734
131.962	0.1254683
131.907	0.1254781
131.841	0.1254678
131.784	0.1254506
131.724	0.1254315
131.645	0.1254229
131.58	0.1254283
131.517	0.1253992
131.45	0.1254216
131.374	0.1254123
131.277	0.125395
131.193	0.1253887
131.127	0.1253764
131.079	0.1253909
131.019	0.1253685
130.95	0.1253903
130.88	0.1253444
130.804	0.1253381
130.734	0.1253636
130.666	0.1253208
130.612	0.1253094
130.568	0.1253016
130.5	0.1253327
130.423	0.1252893
130.361	0.1252912
130.3	0.1252896
130.232	0.1252699
130.163	0.1252621
130.083	0.1252562
130.006	0.1252421
129.941	0.1252301
129.869	0.1252408
129.799	0.125239
129.729	0.1252426
129.657	0.1252159
129.592	0.1252102
129.522	0.1251753
129.429	0.1251909
129.333	0.1252026
129.257	0.1251751
129.212	0.125166
129.17	0.1251827
129.11	0.125155
129.054	0.1251486
128.972	0.12514
128.899	0.1251483
128.839	0.1251403
128.764	0.1251264
128.689	0.1251156
128.613	0.1251121
128.55	0.1250826
128.472	0.1250922
128.401	0.1251053
128.34	0.125087
128.267	0.1250684
128.204	0.1250718
128.128	0.1250517
128.061	0.12503
127.991	0.1250525
127.938	0.1250387
127.875	0.125032
127.809	0.1250171
127.738	0.1250144
127.684	0.1250124
127.609	0.1249958
127.542	0.1249934
127.479	0.1249859
127.425	0.124993
127.345	0.1249961
127.263	0.1249723
127.187	0.1249571
127.104	0.1249685
127.034	0.1249379
126.959	0.1249301
126.885	0.1249394
126.822	0.1249368
126.755	0.1249179
126.695	0.1249148
126.639	0.1249005
126.59	0.124898
126.541	0.1248779
126.468	0.1248885
126.376	0.1248742
126.293	0.1248441
126.218	0.1248364
126.163	0.1248482
126.102	0.1248351
126.051	0.1248206
125.988	0.1248294
125.91	0.1248274
125.83	0.1247987
125.751	0.1248013
125.683	0.1247958
125.615	0.1247776
125.538	0.1247766
125.459	0.1247959
125.367	0.1247672
125.294	0.1247746
125.226	0.1247546
125.145	0.1247744
125.072	0.1247458
125.006	0.1247453
124.936	0.1247164
124.863	0.1247171
124.802	0.124717
124.714	0.1247062
124.628	0.1247
124.556	0.1247041
124.496	0.1246767
124.424	0.1246646
124.347	0.124647
124.279	0.1246676
124.235	0.1246736
124.174	0.124667
124.105	0.1246412
124.037	0.12463
123.972	0.1246247
123.915	0.1246223
123.859	0.124625
123.781	0.1246061
123.718	0.1246234
123.657	0.1245936
123.585	0.1245953
123.53	0.1245794
123.451	0.1245847
123.376	0.1245668
123.305	0.1245596
123.239	0.1245629
123.168	0.12455
123.096	0.1245669
123.019	0.124562
122.948	0.1245264
122.883	0.1245211
122.827	0.124514
122.773	0.1245027
122.72	0.1245077
122.654	0.1244969
122.583	0.1244688
122.519	0.1244764
122.454	0.1245016
122.373	0.124465
122.297	0.1244502
122.223	0.124464
122.149	0.1244404
122.065	0.1244414
121.995	0.1244439
121.923	0.1244294
121.845	0.1244242
121.782	0.1244132
121.725	0.1244103
121.638	0.1244107
121.555	0.1243773
121.484	0.1243843
121.401	0.1243952
121.342	0.1243706
121.27	0.1243701
121.208	0.1243481
121.133	0.1243486
121.072	0.1243372
121.02	0.1243236
120.984	0.1243312
120.922	0.1243105
120.855	0.12433
120.782	0.1243341
120.707	0.1242919
120.66	0.1243003
120.596	0.1242886
120.542	0.1242862
120.478	0.1243021
120.394	0.1242759
120.343	0.1242671
120.28	0.1242522
120.215	0.1242519
120.132	0.124249
120.056	0.1242473
119.99	0.1242396
119.932	0.1242174
119.876	0.1242327
119.806	0.1241958
119.744	0.1242036
119.671	0.1241856
119.604	0.1241831
119.541	0.1242029
119.475	0.1241707
119.411	0.1241643
119.349	0.1241793
119.282	0.1241594
119.211	0.1241585
119.14	0.1241622
119.066	0.1241365
118.989	0.1241205
118.915	0.1241175
118.846	0.1240984
118.787	0.124121
118.736	0.1241152
118.676	0.1240857
118.61	0.1240956
118.545	0.1240965
118.469	0.1240877
118.389	0.1240753
118.323	0.1240649
118.257	0.1240608
118.182	0.1240614
118.109	0.1240478
118.058	0.1240303
117.998	0.1240269
117.928	0.1240171
117.834	0.1240422
117.777	0.1240138
117.706	0.1239989
117.63	0.1239993
117.559	0.1239859
117.482	0.1239785
117.404	0.123992
117.33	0.1239732
117.258	0.1239706
117.171	0.1239677
117.107	0.1239591
117.053	0.1239598
116.975	0.1239412
116.9	0.1239365
116.825	0.1239413
116.769	0.1239269
116.72	0.1239038
116.663	0.1239081
116.612	0.1239016
116.54	0.1239064
116.461	0.1239021
116.391	0.1238971
116.31	0.1238736
116.241	0.123877
116.184	0.1238684
116.114	0.1238802
116.04	0.1238579
115.978	0.1238424
115.914	0.1238326
115.839	0.1238619
115.769	0.1238273
115.715	0.1238259
115.647	0.1238239
115.571	0.1238096
115.491	0.1238087
115.434	0.1238026
115.387	0.1238025
115.319	0.1237774
115.254	0.1237738
115.184	0.1237852
115.118	0.1237702
115.059	0.12375
114.999	0.1237287
114.92	0.1237373
114.832	0.1237435
114.755	0.1237135
114.69	0.1237199
114.646	0.1237198
114.599	0.1237394
114.521	0.12373
114.448	0.1236898
114.386	0.123686
114.311	0.1237045
114.247	0.1236999
114.182	0.1236808
114.116	0.1236786
114.041	0.1236606
113.968	0.1236586
113.892	0.1236582
113.839	0.1236441
113.781	0.1236396
113.722	0.123644
113.672	0.1236278
113.62	0.1236199
113.554	0.1236246
113.485	0.1236117
113.406	0.1236147
113.338	0.1236103
113.265	0.1235714
113.194	0.1235975
113.12	0.1235704
113.042	0.1235779
112.984	0.1235564
112.919	0.1235551
112.862	0.1235489
112.813	0.123533
112.755	0.1235481
112.684	0.1235161
112.602	0.1235114
112.519	0.1235391
112.452	0.1235122
112.38	0.123526
112.316	0.1235195
112.238	0.1235062
112.168	0.1234995
112.099	0.123477
112.024	0.1234761
111.953	0.1234801
111.88	0.1234724
111.808	0.1234698
111.723	0.1234451
111.65	0.1234467
111.586	0.1234443
111.525	0.1234406
111.464	0.1234366
111.414	0.1234257
111.363	0.1234276
111.304	0.1234146
111.238	0.1233793
111.166	0.1234075
111.113	0.1234102
111.048	0.1233874
110.981	0.1233988
110.906	0.1234006
110.826	0.1233628
110.751	0.1233727
110.684	0.1233628
110.619	0.1233609
110.551	0.1233578
110.483	0.123365
110.406	0.1233351
110.325	0.1233378
110.25	0.1233143
110.183	0.1233134
110.123	0.123322
110.056	0.1233226
109.99	0.1233075
109.915	0.1232972
109.853	0.1233053
109.796	0.1232769
109.734	0.1233046
109.652	0.1232963
109.56	0.1232651
109.476	0.1232627
109.406	0.1232611
109.354	0.1232183
109.308	0.1232496
109.254	0.123228
109.204	0.1232275
109.137	0.1232287
109.07	0.1232219
108.992	0.1232348
108.915	0.123192
108.834	0.1232199
108.754	0.1232195
108.687	0.1231784
108.608	0.1231887
108.534	0.1231841
108.456	0.1231674
108.387	0.1231605
108.3	0.1231574
108.227	0.1231411
108.161	0.1231464
108.11	0.1231375
108.059	0.1231175
107.999	0.1231437
107.917	0.1231174
107.834	0.1231312
107.765	0.1231312
107.706	0.1231063
107.647	0.1231015
107.586	0.1230971
107.526	0.1230917
107.476	0.1230946
107.422	0.123091
107.347	0.1230698
107.271	0.1230574
107.198	0.123063
107.136	0.1230763
107.061	0.1230661
106.99	0.1230449
106.927	0.1230587
106.869	0.1230384
106.791	0.1230372
106.716	0.1230332
106.667	0.1230173
106.616	0.1229986
106.539	0.1230013
106.461	0.1229982
106.384	0.1229931
106.323	0.1229825
106.251	0.1229623
106.172	0.1229605
106.111	0.1229697
106.049	0.1229602
105.982	0.122944
105.925	0.1229444
105.859	0.122948
105.789	0.1229483
105.723	0.1229453
105.66	0.1229267
105.603	0.1229186
105.531	0.1229218
105.475	0.1228969
105.394	0.1229272
105.305	0.1229143
105.24	0.122907
105.182	0.1228835
105.12	0.1228845
105.055	0.1228753
105.001	0.1228782
104.924	0.1228869
104.858	0.1228648
104.776	0.1228619
104.684	0.1228526
104.618	0.1228447
104.559	0.122843
104.491	0.1228371
104.417	0.1228283
104.344	0.122818
104.277	0.1227979
104.218	0.1228037
104.167	0.1228114
104.083	0.1228038
103.997	0.1228035
103.932	0.1227837
103.878	0.1227626
103.828	0.1227802
103.771	0.1227602
103.694	0.1227689
103.624	0.1227617
103.542	0.1227466
103.457	0.1227461
103.375	0.1227522
103.29	0.122746
103.204	0.1227272
103.124	0.1227284
103.062	0.1227257
102.983	0.1227132
102.91	0.1227117
102.85	0.1227062
102.793	0.1227079
102.746	0.1226973
102.677	0.1226993
102.593	0.1226801
102.517	0.122683
102.452	0.1226686
102.364	0.1226676
102.289	0.1226662
102.219	0.1226627
102.152	0.1226338
102.074	0.1226456
102.002	0.1226422
101.94	0.1226225
101.87	0.1226342
101.803	0.1226226
101.74	0.1226158
101.665	0.1226063
101.616	0.1225927
101.551	0.1225964
101.485	0.1226043
101.428	0.1225931
101.355	0.1225745
101.288	0.1225823
101.216	0.1225876
101.149	0.1225593
101.099	0.122554
101.04	0.1225515
100.975	0.1225461
100.918	0.1225516
100.858	0.1225433
100.77	0.1225329
100.696	0.12253
100.633	0.1225217
100.559	0.1225045
100.473	0.1225122
100.404	0.1224963
100.342	0.1224808
100.286	0.1224836
100.21	0.1225007
100.135	0.1224902
100.055	0.1224694
99.988	0.1224711
99.927	0.1224634
99.866	0.1224623
99.802	0.1224543
99.749	0.1224343
99.687	0.12244
99.611	0.1224445
99.539	0.1224394
99.474	0.1224304
99.409	0.1224042
99.345	0.1224155
99.278	0.1224125
99.211	0.1224054
99.145	0.1223939
99.082	0.1223931
99.026	0.1223805
98.962	0.1223695
98.896	0.1223736
98.821	0.1223694
98.749	0.1223679
98.665	0.1223467
98.576	0.1223504
98.504	0.1223444
98.424	0.1223367
98.369	0.1223382
98.314	0.1223299
98.243	0.1223258
98.17	0.1223141
98.104	0.122306
98.049	0.122317
97.992	0.1222906
97.918	0.1222965
97.856	0.1222874
97.786	0.1222914
97.72	0.1222752
97.66	0.1222785
97.601	0.1222596
97.525	0.122269
97.457	0.1222576
97.379	0.1222533
97.305	0.1222544
97.237	0.1222568
97.172	0.1222373
97.113	0.1222243
97.048	0.1222325
96.973	0.1222328
96.918	0.1222052
96.861	0.1222118
96.796	0.1222019
96.721	0.1221934
96.642	0.1221905
96.579	0.1221782
96.518	0.1221845
96.46	0.1221822
96.386	0.1221799
96.329	0.1221713
96.267	0.1221621
96.208	0.1221496
96.133	0.1221468
96.06	0.1221388
96.001	0.1221514
95.934	0.1221596
95.866	0.1221286
95.816	0.1221181
95.747	0.122119
95.681	0.1221105
95.614	0.1221278
95.535	0.1220932
95.462	0.1220905
95.388	0.122082
95.325	0.122077
95.261	0.1220764
95.182	0.1220779
95.114	0.1220693
95.052	0.1220542
94.965	0.1220582
94.891	0.1220584
94.821	0.1220465
94.75	0.1220386
94.682	0.1220278
94.615	0.1220319
94.545	0.1220182
94.488	0.1220157
94.422	0.1220112
94.343	0.1219981
94.264	0.1219877
94.19	0.1220044
94.103	0.1219797
94.02	0.1219981
93.947	0.1219807
93.874	0.1219645
93.813	0.1219643
93.746	0.1219651
93.67	0.1219566
93.606	0.1219575
93.546	0.1219474
93.488	0.1219432
93.424	0.1219258
93.368	0.1219017
93.303	0.1219169
93.243	0.1219063
93.184	0.1218996
93.116	0.1218973
93.043	0.1218818
92.978	0.1218684
92.904	0.1218677
92.836	0.1218591
92.779	0.1218523
92.704	0.1218273
92.641	0.1218283
92.577	0.1218325
92.504	0.1218048
92.447	0.1218026
92.396	0.1217932
92.337	0.12178
92.262	0.121779
92.203	0.121754
92.131	0.1217369
92.041	0.1217353
91.949	0.1217119
91.862	0.1216891
91.79	0.1216695
91.723	0.1216446
91.663	0.1216299
91.599	0.1216106
91.54	0.1215875
91.481	0.1215543
91.404	0.1215269
91.341	0.1215124
91.282	0.1214794
91.223	0.1214418
91.166	0.1214137
91.08	0.1213842
