282.138	0.1233964
282.0463862	0.123389153
281.9547724	0.123381906
281.8631586	0.123363588
281.7715448	0.123342605
281.679931	0.123323179
281.5883172	0.123305756
281.4967034	0.123288492
281.4050895	0.123272642
281.3134757	0.123256793
281.2218619	0.12324102
281.1302481	0.123225254
281.0386343	0.123207376
280.9470205	0.123187913
280.8554067	0.123167362
280.7637929	0.123145015
280.6721791	0.123123197
280.5805653	0.123113532
280.4889515	0.123103866
280.3973377	0.123088906
280.3057239	0.123073074
280.2141101	0.123055732
280.1224962	0.123036816
280.0308824	0.123019565
279.9392686	0.12300627
279.8476548	0.122992975
279.756041	0.122977533
279.6644272	0.122961976
279.5728134	0.122946317
279.4811996	0.122930598
279.3895858	0.122913215
279.297972	0.122894064
279.2063582	0.122875018
279.1147444	0.122856418
279.0231306	0.122838213
278.9315168	0.12283225
278.839903	0.122826286
278.7482891	0.122807258
278.6566753	0.122783079
278.5650615	0.122761627
278.4734477	0.122741996
278.3818339	0.122723606
278.2902201	0.122708013
278.1986063	0.122693482
278.1069925	0.122685154
278.0153787	0.122676825
277.9237649	0.122654626
277.8321511	0.12263026
277.7405373	0.122614285
277.6489235	0.122600676
277.5573097	0.122585362
277.4656958	0.122568544
277.374082	0.122552121
277.2824682	0.122536759
277.1908544	0.122522138
277.0992406	0.122511949
277.0076268	0.122501759
276.916013	0.122486255
276.8243992	0.122470199
276.7327854	0.122445318
276.6411716	0.122418654
276.5495578	0.122400527
276.457944	0.122387246
276.3663302	0.1223737
276.2747164	0.122359957
276.1831026	0.122347482
276.0914887	0.122337163
275.9998749	0.122326605
275.9082611	0.122315478
275.8166473	0.122303736
275.7250335	0.122282094
275.6334197	0.122260453
275.5418059	0.122242995
275.4501921	0.122225905
275.3585783	0.122211233
275.2669645	0.122197871
275.1753507	0.122187613
275.0837369	0.122181804
274.9921231	0.122173493
274.9005093	0.122159154
274.8088954	0.122144454
274.7172816	0.122119494
274.6256678	0.122094534
274.534054	0.122079666
274.4424402	0.122065989
274.3508264	0.12204752
274.2592126	0.122025738
274.1675988	0.122008516
274.075985	0.121996825
273.9843712	0.121984821
273.8927574	0.121971172
273.8011436	0.121957594
273.7095298	0.121947434
273.617916	0.121937274
273.5263022	0.121922526
273.4346883	0.121905969
273.3430745	0.121889807
273.2514607	0.121873886
273.1598469	0.12186423
273.0682331	0.121865115
272.9766193	0.121863457
272.8850055	0.121841895
272.7933917	0.121820334
272.7017779	0.12180371
272.6101641	0.121787334
272.5185503	0.121771358
272.4269365	0.121755559
272.3353227	0.121745397
272.2437089	0.121739787
272.152095	0.121733328
272.0604812	0.121716449
271.9688674	0.121699571
271.8772536	0.121677715
271.7856398	0.121655046
271.694026	0.121635481
271.6024122	0.121618867
271.5107984	0.1216088
271.4191846	0.121608309
271.3275708	0.121605533
271.235957	0.121591475
271.1443432	0.121576659
271.0527294	0.121555399
270.9611156	0.12153414
270.8695018	0.12151983
270.7778879	0.121507004
270.6862741	0.12149192
270.5946603	0.121476083
270.5030465	0.121463368
270.4114327	0.121452931
270.3198189	0.121442595
270.2282051	0.121432377
270.1365913	0.121415145
270.0449775	0.121390126
269.9533637	0.121371921
269.8617499	0.121367966
269.7701361	0.121362731
269.6785223	0.121354852
269.5869085	0.121344616
269.4952946	0.121325995
269.4036808	0.121309762
269.312067	0.121302471
269.2204532	0.121293412
269.1288394	0.121261398
269.0372256	0.121231889
268.9456118	0.121223348
268.853998	0.121214641
268.7623842	0.121190944
268.6707704	0.121168217
268.5791566	0.121161515
268.4875428	0.121154813
268.395929	0.121145458
268.3043152	0.121136058
268.2127014	0.121121038
268.1210875	0.121105304
268.0294737	0.121089824
267.9378599	0.12107438
267.8462461	0.121068182
267.7546323	0.121064382
267.6630185	0.121054444
267.5714047	0.121043612
267.4797909	0.121027595
267.3881771	0.121010091
267.2965633	0.120990371
267.2049495	0.120970177
267.1133357	0.120958614
267.0217219	0.120949301
266.9301081	0.12094798
266.8384942	0.120948576
266.7468804	0.120932449
266.6552666	0.120906223
266.5636528	0.120891591
266.472039	0.120883568
266.3804252	0.120874513
266.2888114	0.120864819
266.1971976	0.120848261
266.1055838	0.120826191
266.01397	0.120810678
265.9223562	0.120798961
265.8307424	0.120790006
265.7391286	0.120783226
265.6475148	0.120772544
265.555901	0.120759545
265.4642871	0.120742123
265.3726733	0.120720974
265.2810595	0.120704656
265.1894457	0.120691147
265.0978319	0.120675831
265.0062181	0.120659743
264.9146043	0.120659168
264.8229905	0.120659369
264.7313767	0.12062606
264.6397629	0.120598985
264.5481491	0.120590252
264.4565353	0.120579528
264.3649215	0.120565652
264.2733077	0.120554774
264.1816938	0.120546656
264.09008	0.120529745
263.9984662	0.12051058
263.9068524	0.120513008
263.8152386	0.120516602
263.7236248	0.120509116
263.632011	0.120497999
263.5403972	0.120472024
263.4487834	0.12045188
263.3571696	0.120440262
263.2655558	0.120424837
263.173942	0.120404804
263.0823282	0.120392033
262.9907144	0.12038334
262.8991006	0.120371275
262.8074867	0.120357894
262.7158729	0.120343034
262.6242591	0.120328042
262.5326453	0.120305453
262.4410315	0.120281799
262.3494177	0.120279127
262.2578039	0.120276645
262.1661901	0.120268549
262.0745763	0.120259916
261.9829625	0.120249885
261.8913487	0.120236056
261.7997349	0.120219155
261.7081211	0.120201736
261.6165073	0.120184043
261.5248934	0.120179645
261.4332796	0.120176609
261.3416658	0.120155907
261.250052	0.120137364
261.1584382	0.120131221
261.0668244	0.120124199
260.9752106	0.120115094
260.8835968	0.120102226
260.791983	0.120085997
260.7003692	0.120073688
260.6087554	0.1200638
260.5171416	0.120046134
260.4255278	0.120026853
260.333914	0.120013503
260.2423002	0.120000037
260.1506863	0.119982521
260.0590725	0.119970722
259.9674587	0.119969115
259.8758449	0.119957934
259.7842311	0.119936903
259.6926173	0.119931106
259.6010035	0.11993019
259.5093897	0.11991121
259.4177759	0.119892675
259.3261621	0.119884562
259.2345483	0.119874699
259.1429345	0.119861932
259.0513207	0.119843708
258.9597069	0.119822966
258.868093	0.119820915
258.7764792	0.119813854
258.6848654	0.11979347
258.5932516	0.119780486
258.5016378	0.119773202
258.410024	0.119766129
258.3184102	0.119756412
258.2267964	0.119733566
258.1351826	0.119714457
258.0435688	0.119700431
257.951955	0.119691504
257.8603412	0.11968347
257.7687274	0.119665441
257.6771136	0.119651428
257.5854997	0.119646591
257.4938859	0.119637173
257.4022721	0.11962396
257.3106583	0.119616032
257.2190445	0.119606809
257.1274307	0.119591386
257.0358169	0.119575066
256.9442031	0.119558931
256.8525893	0.119551514
256.7609755	0.119547412
256.6693617	0.11954722
256.5777479	0.119528705
256.4861341	0.119508188
256.3945203	0.119489137
256.3029065	0.119476908
256.2112926	0.119474705
256.1196788	0.11945855
256.028065	0.119437373
255.9364512	0.119428822
255.8448374	0.11941882
255.7532236	0.11940719
255.6616098	0.119388233
255.569996	0.119371502
255.4783822	0.119361042
255.3867684	0.11935056
255.2951546	0.11933965
255.2035408	0.119325227
255.111927	0.119308596
255.0203132	0.119289684
254.9286993	0.11929576
254.8370855	0.119295202
254.7454717	0.119282348
254.6538579	0.119254258
254.5622441	0.119230761
254.4706303	0.11921903
254.3790165	0.119223201
254.2874027	0.11922202
254.1957889	0.11919372
254.1041751	0.119181877
254.0125613	0.119175864
253.9209475	0.119155475
253.8293337	0.119144266
253.7377199	0.119135278
253.6461061	0.119117208
253.5544922	0.119106628
253.4628784	0.119102143
253.3712646	0.119090595
253.2796508	0.119078564
253.188037	0.119065652
253.0964232	0.119052442
253.0048094	0.1190391
252.9131956	0.119024511
252.8215818	0.119012345
252.729968	0.119003629
252.6383542	0.118989771
252.5467404	0.118976428
252.4551266	0.118965188
252.3635128	0.118951836
252.2718989	0.118941302
252.1802851	0.118935382
252.0886713	0.118923466
251.9970575	0.118911448
251.9054437	0.118902768
251.8138299	0.118884092
251.7222161	0.118866856
251.6306023	0.118856849
251.5389885	0.118851788
251.4473747	0.118843266
251.3557609	0.118828274
251.2641471	0.118826345
251.1725333	0.118810225
251.0809195	0.118787051
250.9893057	0.118780214
250.8976918	0.118781004
250.806078	0.118775598
250.7144642	0.118741737
250.6228504	0.118726739
250.5312366	0.11871557
250.4396228	0.118706873
250.348009	0.118699937
250.2563952	0.11868977
250.1647814	0.118669086
250.0731676	0.118668678
249.9815538	0.118660351
249.88994	0.11862951
249.7983262	0.11862222
249.7067124	0.118617048
249.6150985	0.118611124
249.5234847	0.118602066
249.4318709	0.118588421
249.3402571	0.118569349
249.2486433	0.118558971
249.1570295	0.11854827
249.0654157	0.11853725
248.9738019	0.118526683
248.8821881	0.118520613
248.7905743	0.118512889
248.6989605	0.118493719
248.6073467	0.11847741
248.5157329	0.118460266
248.4241191	0.118449617
248.3325053	0.11845615
248.2408914	0.118431335
248.1492776	0.118421396
248.0576638	0.118409441
247.96605	0.118381531
247.8744362	0.118386896
247.7828224	0.118370628
247.6912086	0.118358642
247.5995948	0.11834851
247.507981	0.118330145
247.4163672	0.118332044
247.3247534	0.118309557
247.2331396	0.118297506
247.1415258	0.118297278
247.049912	0.118291597
246.9582981	0.118275206
246.8666843	0.11825608
246.7750705	0.118237785
246.6834567	0.118236328
246.5918429	0.118232875
246.5002291	0.11822557
246.4086153	0.118211579
246.3170015	0.118200089
246.2253877	0.11819341
246.1337739	0.118190398
246.0421601	0.118181809
245.9505463	0.118163294
245.8589325	0.118142057
245.7673187	0.118130565
245.6757049	0.118115204
245.584091	0.118103131
245.4924772	0.118094178
245.4008634	0.118086495
245.3092496	0.118076247
245.2176358	0.118064079
245.126022	0.118062142
245.0344082	0.118056356
244.9427944	0.118034392
244.8511806	0.118006079
244.7595668	0.118003728
244.667953	0.117991633
244.5763392	0.117979069
244.4847254	0.117967105
244.3931116	0.117948623
244.3014977	0.117932788
244.2098839	0.117933424
244.1182701	0.117926091
244.0266563	0.117912788
243.9350425	0.117906482
243.8434287	0.117885661
243.7518149	0.117887218
243.6602011	0.117884122
243.5685873	0.11787121
243.4769735	0.117862503
243.3853597	0.117843827
243.2937459	0.117829058
243.2021321	0.117823421
243.1105183	0.117814336
243.0189045	0.117802497
242.9272906	0.117789927
242.8356768	0.117774935
242.744063	0.117757268
242.6524492	0.117742973
242.5608354	0.117735026
242.4692216	0.117735489
242.3776078	0.117728922
242.285994	0.117704373
242.1943802	0.117696474
242.1027664	0.117697015
242.0111526	0.117687652
241.9195388	0.117667314
241.827925	0.117652315
241.7363112	0.117651094
241.6446973	0.117646014
241.5530835	0.117627454
241.4614697	0.117603157
241.3698559	0.117584352
241.2782421	0.117577885
241.1866283	0.117573546
241.0950145	0.11756128
241.0034007	0.117567586
240.9117869	0.117554766
240.8201731	0.117533692
240.7285593	0.117521394
240.6369455	0.117508839
240.5453317	0.117500846
240.4537179	0.11748897
240.3621041	0.117466625
240.2704902	0.117451978
240.1788764	0.117437701
240.0872626	0.11744182
239.9956488	0.117431817
239.904035	0.117409145
239.8124212	0.117385342
239.7208074	0.117377333
239.6291936	0.117385211
239.5375798	0.117378544
239.445966	0.117366331
239.3543522	0.117346052
239.2627384	0.117339882
239.1711246	0.117309743
239.0795108	0.117309151
238.9878969	0.117307045
238.8962831	0.117300734
238.8046693	0.117290806
238.7130555	0.117274091
238.6214417	0.117275712
238.5298279	0.117262126
238.4382141	0.117242113
238.3466003	0.117229325
238.2549865	0.117240056
238.1633727	0.11722247
238.0717589	0.117199914
237.9801451	0.117188652
237.8885313	0.117174874
237.7969175	0.117158633
237.7053037	0.117148297
237.6136898	0.117134477
237.522076	0.117122574
237.4304622	0.117122794
237.3388484	0.117117954
237.2472346	0.117107964
237.1556208	0.117093163
237.064007	0.117078057
236.9723932	0.117074796
236.8807794	0.117039047
236.7891656	0.117048937
236.6975518	0.117030194
236.605938	0.117015575
236.5143242	0.11700887
236.4227104	0.116989093
236.3310965	0.116978189
236.2394827	0.116983806
236.1478689	0.116966932
236.0562551	0.116954097
235.9646413	0.116956136
235.8730275	0.116938332
235.7814137	0.116924332
235.6897999	0.116910114
235.5981861	0.116897625
235.5065723	0.116890921
235.4149585	0.116873775
235.3233447	0.116861894
235.2317309	0.116846519
235.1401171	0.116829151
235.0485033	0.116827147
234.9568894	0.116812222
234.8652756	0.116808728
234.7736618	0.116813676
234.682048	0.116786236
234.5904342	0.116773444
234.4988204	0.116776097
234.4072066	0.116756223
234.3155928	0.116749183
234.223979	0.116750711
234.1323652	0.116741727
234.0407514	0.11671101
233.9491376	0.116696725
233.8575238	0.116693367
233.76591	0.116679491
233.6742961	0.1166848
233.5826823	0.116653387
233.4910685	0.116646794
233.3994547	0.116638876
233.3078409	0.116637586
233.2162271	0.116617491
233.1246133	0.116604319
233.0329995	0.116595579
232.9413857	0.116589291
232.8497719	0.116585894
232.7581581	0.116572707
232.6665443	0.116562729
232.5749305	0.116540286
232.4833167	0.116531453
232.3917029	0.11652562
232.300089	0.116516687
232.2084752	0.116504141
232.1168614	0.116492767
232.0252476	0.116482652
231.9336338	0.116472032
231.84202	0.116447704
231.7504062	0.116429071
231.6587924	0.11642615
231.5671786	0.116422435
231.4755648	0.116404579
231.383951	0.116411707
231.2923372	0.116399227
231.2007234	0.116379679
231.1091096	0.116375301
231.0174957	0.116372713
230.9258819	0.116358162
230.8342681	0.116335589
230.7426543	0.116352795
230.6510405	0.116313202
230.5594267	0.116312468
230.4678129	0.116297289
230.3761991	0.116287358
230.2845853	0.11630164
230.1929715	0.116271417
230.1013577	0.116257384
230.0097439	0.116250682
229.9181301	0.116232698
229.8265163	0.116222846
229.7349025	0.116216758
229.6432886	0.116208429
229.5516748	0.116199624
229.460061	0.116174599
229.3684472	0.116173579
229.2768334	0.116166832
229.1852196	0.116156692
229.0936058	0.116146823
229.001992	0.116132499
228.9103782	0.116124008
228.8187644	0.116105613
228.7271506	0.116098074
228.6355368	0.116082651
228.543923	0.116072025
228.4523092	0.116074394
228.3606953	0.116047642
228.2690815	0.116040003
228.1774677	0.116038302
228.0858539	0.116031686
227.9942401	0.116015337
227.9026263	0.115997386
227.8110125	0.115982262
227.7193987	0.116012675
227.6277849	0.115960092
227.5361711	0.115970327
227.4445573	0.115943566
227.3529435	0.115931584
227.2613297	0.115931966
227.1697159	0.11591898
227.0781021	0.115912881
226.9864882	0.115887428
226.8948744	0.115888398
226.8032606	0.115872191
226.7116468	0.115864433
226.620033	0.115844228
226.5284192	0.115841281
226.4368054	0.115837636
226.3451916	0.115830499
226.2535778	0.115792696
226.161964	0.115800238
226.0703502	0.115784944
225.9787364	0.115783576
225.8871226	0.11575464
225.7955088	0.115755775
225.7038949	0.115770635
225.6122811	0.115726833
225.5206673	0.115719784
225.4290535	0.115709925
225.3374397	0.115705126
225.2458259	0.115690025
225.1542121	0.115677287
225.0625983	0.115664635
224.9709845	0.115664815
224.8793707	0.115661015
224.7877569	0.115648942
224.6961431	0.115635432
224.6045293	0.115628393
224.5129155	0.115612487
224.4213017	0.11562222
224.3296878	0.115599674
224.238074	0.115590709
224.1464602	0.115563794
224.0548464	0.115564721
223.9632326	0.115552295
223.8716188	0.115548382
223.780005	0.115528562
223.6883912	0.115543165
223.5967774	0.115512245
223.5051636	0.115497622
223.4135498	0.115485268
223.321936	0.115482956
223.2303222	0.115473428
223.1387084	0.115455845
223.0470945	0.115454545
222.9554807	0.115437141
222.8638669	0.115436911
222.7722531	0.115418256
222.6806393	0.115406795
222.5890255	0.115406158
222.4974117	0.115372724
222.4057979	0.115369134
222.3141841	0.11535611
222.2225703	0.115363314
222.1309565	0.115339534
222.0393427	0.115329415
221.9477289	0.115322724
221.8561151	0.115307212
221.7645013	0.115320919
221.6728874	0.115286438
221.5812736	0.115297505
221.4896598	0.115262982
221.398046	0.115270269
221.3064322	0.115254856
221.2148184	0.115231727
221.1232046	0.115219416
221.0315908	0.115213526
220.939977	0.115196029
220.8483632	0.115182418
220.7567494	0.1151787
220.6651356	0.115185279
220.5735218	0.115165945
220.481908	0.115139459
220.3902941	0.115142391
220.2986803	0.115122124
220.2070665	0.11511619
220.1154527	0.115109316
220.0238389	0.115102509
219.9322251	0.115099649
219.8406113	0.115068445
219.7489975	0.115059194
219.6573837	0.11505884
219.5657699	0.115052454
219.4741561	0.115035689
219.3825423	0.115030583
219.2909285	0.115011214
219.1993147	0.115003948
219.1077009	0.114986534
219.016087	0.114980571
218.9244732	0.114971478
218.8328594	0.114971823
218.7412456	0.114937088
218.6496318	0.114958115
218.558018	0.114937345
218.4664042	0.11491698
218.3747904	0.114919896
218.2831766	0.114906862
218.1915628	0.114902817
218.099949	0.114881782
218.0083352	0.114872206
217.9167214	0.114859461
217.8251076	0.114852414
217.7334937	0.114834758
217.6418799	0.114829249
217.5502661	0.114818698
217.4586523	0.114811157
217.3670385	0.114786785
217.2754247	0.114801429
217.1838109	0.114797332
217.0921971	0.114774021
217.0005833	0.114764051
216.9089695	0.114753156
216.8173557	0.11474259
216.7257419	0.11470468
216.6341281	0.114714085
216.5425143	0.11470219
216.4509005	0.114693535
216.3592866	0.114678788
216.2676728	0.114682469
216.176059	0.11466212
216.0844452	0.114648822
215.9928314	0.114637904
215.9012176	0.114626159
215.8096038	0.114618279
215.71799	0.114601131
215.6263762	0.114587076
215.5347624	0.11458075
215.4431486	0.114566484
215.3515348	0.114580999
215.259921	0.114552171
215.1683072	0.114545268
215.0766933	0.114540347
214.9850795	0.114515313
214.8934657	0.114524661
214.8018519	0.114498905
214.7102381	0.114490711
214.6186243	0.114495224
214.5270105	0.114476783
214.4353967	0.114456499
214.3437829	0.114432765
214.2521691	0.11443257
214.1605553	0.114432025
214.0689415	0.114434153
213.9773277	0.114406391
213.8857139	0.11440007
213.7941001	0.114387049
213.7024862	0.114376504
213.6108724	0.114372316
213.5192586	0.114355342
213.4276448	0.114344106
213.336031	0.11433043
213.2444172	0.114320297
213.1528034	0.114328593
213.0611896	0.114304822
212.9695758	0.114292119
212.877962	0.114276006
212.7863482	0.114274558
212.6947344	0.114257424
212.6031206	0.114233682
212.5115068	0.114233984
212.4198929	0.114229048
212.3282791	0.114219062
212.2366653	0.114218552
212.1450515	0.114218252
212.0534377	0.114182966
211.9618239	0.114170256
211.8702101	0.114162055
211.7785963	0.114150119
211.6869825	0.114141055
211.5953687	0.114127413
211.5037549	0.114124394
211.4121411	0.114103661
211.3205273	0.114095342
211.2289135	0.114090336
211.1372996	0.114069228
211.0456858	0.114053446
210.954072	0.114054209
210.8624582	0.11403621
210.7708444	0.114021586
210.6792306	0.11402167
210.5876168	0.114011834
210.496003	0.113988319
210.4043892	0.113975023
210.3127754	0.113964526
210.2211616	0.113979974
210.1295478	0.113958746
210.037934	0.113951052
209.9463202	0.113943357
209.8547064	0.113935663
209.7630925	0.113927968
209.6714787	0.113920273
209.5798649	0.113912579
209.4882511	0.113904884
209.3966373	0.113882755
209.3050235	0.113878695
209.2134097	0.113882723
209.1217959	0.113846732
209.0301821	0.113831552
208.9385683	0.11382208
208.8469545	0.1138093
208.7553407	0.11379819
208.6637269	0.113790385
208.5721131	0.113771673
208.4804992	0.113769965
208.3888854	0.113750117
208.2972716	0.113745036
208.2056578	0.113733046
208.114044	0.113719649
208.0224302	0.113720796
207.9308164	0.113697862
207.8392026	0.113692012
207.7475888	0.113677592
207.655975	0.113672026
207.5643612	0.113660856
207.4727474	0.113661103
207.3811336	0.113632869
207.2895198	0.113643173
207.197906	0.113635112
207.1062921	0.11358371
207.0146783	0.113595157
206.9230645	0.113585686
206.8314507	0.113579676
206.7398369	0.113577016
206.6482231	0.113579626
206.5566093	0.113540182
206.4649955	0.113534702
206.3733817	0.113533393
206.2817679	0.113513412
206.1901541	0.113514237
206.0985403	0.113487403
206.0069265	0.1134876
205.9153127	0.113468967
205.8236988	0.113450754
205.732085	0.11344644
205.6404712	0.11343614
205.5488574	0.113421079
205.4572436	0.113394614
205.3656298	0.113401999
205.274016	0.113376447
205.1824022	0.113365528
205.0907884	0.113366326
204.9991746	0.113347932
204.9075608	0.113357204
204.815947	0.113338945
204.7243332	0.11332276
204.6327194	0.113301245
204.5411056	0.113302147
204.4494917	0.113286723
204.3578779	0.113278055
204.2662641	0.113276622
204.1746503	0.113257403
204.0830365	0.113242263
203.9914227	0.113217085
203.8998089	0.113219369
203.8081951	0.113193144
203.7165813	0.11318873
203.6249675	0.113183888
203.5333537	0.113167956
203.4417399	0.113160795
203.3501261	0.113150619
203.2585123	0.113138191
203.1668984	0.113144019
203.0752846	0.113118391
202.9836708	0.113105989
202.892057	0.113091818
202.8004432	0.113084606
202.7088294	0.113073501
202.6172156	0.113067053
202.5256018	0.113052422
202.433988	0.113035839
202.3423742	0.113030291
202.2507604	0.113020778
202.1591466	0.113028249
202.0675328	0.11299243
201.975919	0.112983854
201.8843052	0.112984951
201.7926913	0.112976494
201.7010775	0.11293645
201.6094637	0.112923988
201.5178499	0.112923428
201.4262361	0.112919427
201.3346223	0.112903532
201.2430085	0.112909692
201.1513947	0.112881633
201.0597809	0.112873561
200.9681671	0.112864472
200.8765533	0.112861294
200.7849395	0.112841396
200.6933257	0.112819672
200.6017119	0.112827482
200.510098	0.112813558
200.4184842	0.112799085
200.3268704	0.112791954
200.2352566	0.112768871
200.1436428	0.112761191
200.052029	0.112756306
199.9604152	0.112735879
199.8688014	0.112726981
199.7771876	0.112719616
199.6855738	0.11271434
199.59396	0.11270926
199.5023462	0.112686095
199.4107324	0.112669069
199.3191186	0.112659056
199.2275048	0.112659229
199.1358909	0.112639644
199.0442771	0.112624596
198.9526633	0.112628713
198.8610495	0.112615023
198.7694357	0.112580036
198.6778219	0.112584367
198.5862081	0.112586091
198.4945943	0.112573147
198.4029805	0.112562623
198.3113667	0.112544478
198.2197529	0.112538215
198.1281391	0.112533355
198.0365253	0.112506293
197.9449115	0.112485893
197.8532976	0.112501986
197.7616838	0.112494281
197.67007	0.112466657
197.5784562	0.112461065
197.4868424	0.112456846
197.3952286	0.112448928
197.3036148	0.112430022
197.212001	0.112407969
197.1203872	0.112410222
197.0287734	0.112389968
196.9371596	0.112396444
196.8455458	0.112372115
196.753932	0.112376741
196.6623182	0.112356442
196.5707044	0.11234002
196.4790905	0.112322694
196.3874767	0.112317967
196.2958629	0.1123114
196.2042491	0.112303474
196.1126353	0.112302905
196.0210215	0.112280266
195.9294077	0.112265308
195.8377939	0.11226153
195.7461801	0.112244014
195.6545663	0.112244813
195.5629525	0.112211154
195.4713387	0.112226484
195.3797249	0.112200221
195.2881111	0.112193371
195.1964972	0.112178793
195.1048834	0.112195018
195.0132696	0.112175735
194.9216558	0.112151495
194.830042	0.112142446
194.7384282	0.112129352
194.6468144	0.112120617
194.5552006	0.112106048
194.4635868	0.112126188
194.371973	0.112086358
194.2803592	0.112077832
194.1887454	0.112061976
194.0971316	0.112067655
194.0055178	0.11203379
193.913904	0.11204573
193.8222901	0.11201756
193.7306763	0.112014617
193.6390625	0.112013327
193.5474487	0.111987616
193.4558349	0.111977246
193.3642211	0.111959611
193.2726073	0.111953935
193.1809935	0.111928851
193.0893797	0.111931683
192.9977659	0.111916038
192.9061521	0.111904814
192.8145383	0.111889773
192.7229245	0.111894913
192.6313107	0.111889099
192.5396968	0.111846466
192.448083	0.111860777
192.3564692	0.111839699
192.2648554	0.11182379
192.1732416	0.111816422
192.0816278	0.111799862
191.990014	0.111793434
191.8984002	0.111772708
191.8067864	0.111775427
191.7151726	0.111754592
191.6235588	0.111750083
191.531945	0.111776369
191.4403312	0.11172026
191.3487174	0.111722991
191.2571036	0.11171054
191.1654897	0.11170116
191.0738759	0.111674688
190.9822621	0.111650931
190.8906483	0.111663962
190.7990345	0.111648415
190.7074207	0.111635249
190.6158069	0.111628878
190.5241931	0.11161701
190.4325793	0.111585728
190.3409655	0.111595692
190.2493517	0.11157037
190.1577379	0.11155948
190.0661241	0.111568412
189.9745103	0.111541542
189.8828964	0.111527915
189.7912826	0.111530723
189.6996688	0.1115146
189.608055	0.111504954
189.5164412	0.111488468
189.4248274	0.111466159
189.3332136	0.111462052
189.2415998	0.111455063
189.149986	0.111458749
189.0583722	0.111432644
188.9667584	0.111413411
188.8751446	0.111404202
188.7835308	0.111416508
188.691917	0.111404454
188.6003032	0.111375137
188.5086893	0.111361254
188.4170755	0.111367402
188.3254617	0.111327331
188.2338479	0.111326023
188.1422341	0.111313768
188.0506203	0.111292742
187.9590065	0.111313949
187.8673927	0.111303507
187.7757789	0.111272397
187.6841651	0.11126745
187.5925513	0.1112446
187.5009375	0.111244567
187.4093237	0.111243901
187.3177099	0.111218951
187.226096	0.111203693
187.1344822	0.111205196
187.0428684	0.111189453
186.9512546	0.111175591
186.8596408	0.111177253
186.768027	0.111164793
186.6764132	0.111144259
186.5847994	0.111138188
186.4931856	0.111119343
186.4015718	0.111103968
186.309958	0.111093022
186.2183442	0.111072985
186.1267304	0.111053331
186.0351166	0.111068568
185.9435028	0.111049438
185.8518889	0.111035833
185.7602751	0.111022279
185.6686613	0.111017196
185.5770475	0.110998983
185.4854337	0.110982511
185.3938199	0.11098415
185.3022061	0.110969707
185.2105923	0.110947031
185.1189785	0.110952546
185.0273647	0.110931225
184.9357509	0.11092755
184.8441371	0.110920706
184.7525233	0.110907866
184.6609095	0.110899431
184.5692956	0.110893922
184.4776818	0.110857833
184.386068	0.110819945
184.2944542	0.110842491
184.2028404	0.110816992
184.1112266	0.110821058
184.0196128	0.110801761
183.927999	0.110806425
183.8363852	0.110771769
183.7447714	0.110763581
183.6531576	0.110743237
183.5615438	0.110735714
183.46993	0.110732056
183.3783162	0.110723598
183.2867024	0.110711588
183.1950885	0.110696558
183.1034747	0.110676266
183.0118609	0.110686206
182.9202471	0.110666377
182.8286333	0.110637963
182.7370195	0.11062253
182.6454057	0.110625972
182.5537919	0.110599539
182.4621781	0.110596481
182.3705643	0.110580408
182.2789505	0.110573579
182.1873367	0.110552724
182.0957229	0.110552414
182.0041091	0.110536188
181.9124952	0.110528564
181.8208814	0.110509924
181.7292676	0.110500613
181.6376538	0.11048016
181.54604	0.110471985
181.4544262	0.110454053
181.3628124	0.110434947
181.2711986	0.11042078
181.1795848	0.110434426
181.087971	0.110402324
180.9963572	0.110390238
180.9047434	0.110374927
180.8131296	0.110369668
180.7215158	0.110359147
180.629902	0.110345216
180.5382881	0.110324279
180.4466743	0.110312729
180.3550605	0.110288064
180.2634467	0.11029874
180.1718329	0.110245052
180.0802191	0.110250804
179.9886053	0.110249129
179.8969915	0.110258418
179.8053777	0.110225874
179.7137639	0.110214217
179.6221501	0.110193455
179.5305363	0.11018145
179.4389225	0.110166678
179.3473087	0.110167263
179.2556948	0.110158404
179.164081	0.110139994
179.0724672	0.110123726
178.9808534	0.110116034
178.8892396	0.110111925
178.7976258	0.110082272
178.706012	0.110083186
178.6143982	0.11006433
178.5227844	0.110045892
178.4311706	0.110040628
178.3395568	0.11003038
178.247943	0.110014865
178.1563292	0.110006931
178.0647154	0.109985995
177.9731016	0.110002074
177.8814877	0.109964648
177.7898739	0.10995236
177.6982601	0.109953754
177.6066463	0.109932511
177.5150325	0.109916687
177.4234187	0.109891399
177.3318049	0.109868155
177.2401911	0.109866455
177.1485773	0.109897474
177.0569635	0.109850168
176.9653497	0.109845852
176.8737359	0.109809429
176.7821221	0.109817132
176.6905083	0.109770104
176.5988944	0.109765987
176.5072806	0.109786336
176.4156668	0.109751757
176.324053	0.109756556
176.2324392	0.109730001
176.1408254	0.10972743
176.0492116	0.109700107
175.9575978	0.10967557
175.865984	0.109688588
175.7743702	0.109653199
175.6827564	0.109653463
175.5911426	0.109647243
175.4995288	0.109636056
175.407915	0.10960847
175.3163012	0.109621949
175.2246873	0.10958589
175.1330735	0.109573966
175.0414597	0.109553637
174.9498459	0.109559175
174.8582321	0.109529567
174.7666183	0.109528333
174.6750045	0.109510799
174.5833907	0.109500462
174.4917769	0.109481045
174.4001631	0.10946034
174.3085493	0.109454439
174.2169355	0.109432227
174.1253217	0.109421887
174.0337079	0.109418552
173.942094	0.109390958
173.8504802	0.109384505
173.7588664	0.109393612
173.6672526	0.109373358
173.5756388	0.109335959
173.484025	0.109330613
173.3924112	0.109318215
173.3007974	0.109301373
173.2091836	0.109274958
173.1175698	0.109272836
173.025956	0.109257731
172.9343422	0.109247717
172.8427284	0.109227606
172.7511146	0.109235661
172.6595008	0.109192968
172.5678869	0.109210484
172.4762731	0.109194884
172.3846593	0.109178
172.2930455	0.109168711
172.2014317	0.109158913
172.1098179	0.109147161
172.0182041	0.109119264
171.9265903	0.109114568
171.8349765	0.109110885
171.7433627	0.109085077
171.6517489	0.109079074
171.5601351	0.109062144
171.4685213	0.109038727
171.3769075	0.109041922
171.2852936	0.109032414
171.1936798	0.109015569
171.102066	0.108999884
171.0104522	0.109002088
170.9188384	0.108969369
170.8272246	0.1089571
170.7356108	0.108945257
170.643997	0.108924233
170.5523832	0.108914235
170.4607694	0.108907267
170.3691556	0.108879119
170.2775418	0.1088773
170.185928	0.108863747
170.0943142	0.108856775
170.0027004	0.108841889
169.9110865	0.108815665
169.8194727	0.108814808
169.7278589	0.108791057
169.6362451	0.10878361
169.5446313	0.108766575
169.4530175	0.108756926
169.3614037	0.108754902
169.2697899	0.108752706
169.1781761	0.108726006
169.0865623	0.108702473
168.9949485	0.108690899
168.9033347	0.108677373
168.8117209	0.108660947
168.7201071	0.108643752
168.6284932	0.108626149
168.5368794	0.108620511
168.4452656	0.108609438
168.3536518	0.108601417
168.262038	0.108579822
168.1704242	0.108566487
168.0788104	0.10855916
167.9871966	0.108528643
167.8955828	0.108529263
167.803969	0.1085222
167.7123552	0.108488591
167.6207414	0.108493982
167.5291276	0.108488192
167.4375138	0.108466742
167.3458999	0.108443473
167.2542861	0.1084435
167.1626723	0.108424237
167.0710585	0.108414992
166.9794447	0.10839065
166.8878309	0.108377947
166.7962171	0.108377219
166.7046033	0.108364434
166.6129895	0.108354393
166.5213757	0.10833026
166.4297619	0.108334219
166.3381481	0.108303819
166.2465343	0.10829288
166.1549205	0.108289583
166.0633067	0.108285133
165.9716928	0.10826855
165.880079	0.108246213
165.7884652	0.108228543
165.6968514	0.108223428
165.6052376	0.108199312
165.5136238	0.108197051
165.42201	0.10819593
165.3303962	0.108204778
165.2387824	0.108149064
165.1471686	0.108146868
165.0555548	0.108159264
164.963941	0.108123724
164.8723272	0.108131452
164.7807134	0.108110651
164.6890995	0.108135378
164.5974857	0.108116997
164.5058719	0.108122698
164.4142581	0.108107929
164.3226443	0.108089052
164.2310305	0.108098698
164.1394167	0.108073125
164.0478029	0.108076261
163.9561891	0.108079117
163.8645753	0.108069776
163.7729615	0.10803809
163.6813477	0.108039737
163.5897339	0.108027811
163.4981201	0.108007209
163.4065063	0.108011961
163.3148924	0.107999961
163.2232786	0.108007848
163.1316648	0.10797038
163.040051	0.108004477
162.9484372	0.107973806
162.8568234	0.107969918
162.7652096	0.107961685
162.6735958	0.107930446
162.581982	0.107926859
162.4903682	0.107929706
162.3987544	0.107938539
162.3071406	0.107922922
162.2155268	0.107891324
162.123913	0.107888169
162.0322991	0.107868333
161.9406853	0.107866799
161.8490715	0.107846313
161.7574577	0.107838638
161.6658439	0.107839135
161.5742301	0.107844202
161.4826163	0.107826901
161.3910025	0.107810634
161.2993887	0.107806972
161.2077749	0.107797433
161.1161611	0.107803783
161.0245473	0.107759533
160.9329335	0.107755627
160.8413197	0.107761567
160.7497059	0.107755752
160.658092	0.10773051
160.5664782	0.107705643
160.4748644	0.107705932
160.3832506	0.107690895
160.2916368	0.107684049
160.200023	0.107692834
160.1084092	0.107664684
160.0167954	0.107641529
159.9251816	0.107639156
159.8335678	0.107617307
159.741954	0.107629601
159.6503402	0.107608032
159.5587264	0.107584694
159.4671126	0.107581994
159.3754987	0.107571609
159.2838849	0.107541828
159.1922711	0.107545726
159.1006573	0.107548748
159.0090435	0.107552816
158.9174297	0.107499891
158.8258159	0.107474201
158.7342021	0.107471291
158.6425883	0.107473576
158.5509745	0.107474212
158.4593607	0.107452525
158.3677469	0.107417443
158.2761331	0.107440742
158.1845193	0.107414313
158.0929055	0.107400833
158.0012916	0.107386474
157.9096778	0.107363362
157.818064	0.107359542
157.7264502	0.10734983
157.6348364	0.107325384
157.5432226	0.107329235
157.4516088	0.107333103
157.359995	0.107306091
157.2683812	0.107305077
157.1767674	0.107292456
157.0851536	0.107286494
156.9935398	0.107274286
156.901926	0.107243293
156.8103122	0.107234502
156.7186983	0.107237461
156.6270845	0.107215713
156.5354707	0.107199577
156.4438569	0.107195339
156.3522431	0.107177741
156.2606293	0.107169042
156.1690155	0.107150264
156.0774017	0.107136765
155.9857879	0.107132041
155.8941741	0.107137238
155.8025603	0.10710812
155.7109465	0.107104018
155.6193327	0.107088802
155.5277189	0.107078343
155.4361051	0.107059225
155.3444912	0.107054968
155.2528774	0.107048173
155.1612636	0.107029606
155.0696498	0.107011324
154.978036	0.107017278
154.8864222	0.106991698
154.7948084	0.106989147
154.7031946	0.106971634
154.6115808	0.10696127
154.519967	0.106940679
154.4283532	0.106926254
154.3367394	0.10691701
154.2451256	0.106923997
154.1535118	0.106904876
154.0618979	0.10688442
153.9702841	0.106871654
153.8786703	0.106862529
153.7870565	0.106847318
153.6954427	0.106826803
153.6038289	0.106820527
153.5122151	0.106810201
153.4206013	0.106781335
153.3289875	0.106774599
153.2373737	0.10676354
153.1457599	0.106743847
153.0541461	0.106726505
152.9625323	0.106721703
152.8709185	0.106705832
152.7793047	0.10667664
152.6876908	0.106664715
152.596077	0.106663223
152.5044632	0.106641123
152.4128494	0.106620141
152.3212356	0.106605244
152.2296218	0.106588885
152.138008	0.106592037
152.0463942	0.106554077
151.9547804	0.106533769
151.8631666	0.106515135
151.7715528	0.106491838
151.679939	0.106483296
151.5883252	0.106451743
151.4967114	0.106423764
151.4050975	0.106388202
151.3134837	0.106362552
151.2218699	0.106324708
151.1302561	0.106326228
151.0386423	0.106267074
150.9470285	0.106244299
150.8554147	0.106221144
150.7638009	0.106167515
150.6721871	0.106110228
150.5805733	0.106092835
150.4889595	0.106031801
150.3973457	0.106056013
150.3057319	0.106044462
150.2141181	0.106032911
150.1225043	0.106019258
150.0308904	0.106016833
149.9392766	0.106035097
149.8476628	0.106022165
149.756049	0.106019584
149.6644352	0.106037344
149.5728214	0.106035983
149.4812076	0.106019181
149.3895938	0.106018374
149.29798	0.106029767
149.2063662	0.106024922
149.1147524	0.106002716
149.0231386	0.105997089
148.9315248	0.106009576
148.839911	0.106028686
148.7482971	0.105996792
148.6566833	0.105987919
148.5650695	0.106004788
148.4734557	0.106011836
148.3818419	0.105990318
148.2902281	0.105980638
148.1986143	0.105974987
148.1070005	0.105983515
148.0153867	0.10596675
147.9237729	0.105973897
147.8321591	0.105961203
147.7405453	0.105979353
147.6489315	0.105972673
147.5573177	0.105960982
147.4657039	0.105946993
147.37409	0.106008547
147.2824762	0.105962094
147.1908624	0.10595507
147.0992486	0.105969012
147.0076348	0.105933913
146.916021	0.105946563
146.8244072	0.10596875
146.7327934	0.105914496
146.6411796	0.105946746
146.5495658	0.105951329
146.457952	0.105914736
146.3663382	0.1059279
146.2747244	0.105911109
146.1831106	0.105889186
146.0914967	0.105878204
145.9998829	0.105908005
145.9082691	0.105899293
145.8166553	0.105902434
145.7250415	0.105898525
145.6334277	0.105882801
145.5418139	0.105880346
145.4502001	0.105879389
145.3585863	0.105855764
145.2669725	0.105873273
145.1753587	0.105846081
145.0837449	0.105843721
144.9921311	0.105854489
144.9005173	0.105823564
144.8089035	0.105825335
144.7172896	0.105829911
144.6256758	0.105832749
144.534062	0.105830458
144.4424482	0.105795952
144.3508344	0.105828572
144.2592206	0.105810291
144.1676068	0.105797806
144.075993	0.105799152
143.9843792	0.10576438
143.8927654	0.105787727
143.8011516	0.105781536
143.7095378	0.10577134
143.617924	0.105761083
143.5263102	0.105785241
143.4346963	0.105750883
143.3430825	0.105766409
143.2514687	0.10571523
143.1598549	0.105736573
143.0682411	0.105735609
142.9766273	0.105762282
142.8850135	0.105708996
142.7933997	0.105737681
142.7017859	0.105731095
142.6101721	0.105728281
142.5185583	0.105699381
142.4269445	0.105705687
142.3353307	0.105690045
142.2437169	0.105702365
142.1521031	0.105657501
142.0604892	0.105685596
141.9688754	0.105693943
141.8772616	0.105670914
141.7856478	0.105671816
141.694034	0.105647057
141.6024202	0.105615744
141.5108064	0.105642988
141.4191926	0.105631381
141.3275788	0.105607116
141.235965	0.105616696
141.1443512	0.105608697
141.0527374	0.105602787
140.9611236	0.105644364
140.8695098	0.105574717
140.7778959	0.105589052
140.6862821	0.10559296
140.5946683	0.105578336
140.5030545	0.105565618
140.4114407	0.105580099
140.3198269	0.105578451
140.2282131	0.105572721
140.1365993	0.10554474
140.0449855	0.105538195
139.9533717	0.1055365
139.8617579	0.10552986
139.7701441	0.105518762
139.6785303	0.105514973
139.5869165	0.105553424
139.4953027	0.105520048
139.4036888	0.105491802
139.312075	0.105476379
139.2204612	0.105490851
139.1288474	0.105476455
139.0372336	0.105455975
138.9456198	0.105483668
138.854006	0.105472863
138.7623922	0.105476324
138.6707784	0.105451042
138.5791646	0.105457149
138.4875508	0.105428696
138.395937	0.10547059
138.3043232	0.105408797
138.2127094	0.10543338
138.1210955	0.105391736
138.0294817	0.105418545
137.9378679	0.105404083
137.8462541	0.105376173
137.7546403	0.105404602
137.6630265	0.105356722
137.5714127	0.105377959
137.4797989	0.105363845
137.3881851	0.105366358
137.2965713	0.105369822
137.2049575	0.105332831
137.1133437	0.105378278
137.0217299	0.105354653
136.9301161	0.105326006
136.8385023	0.105338699
136.7468884	0.105329004
136.6552746	0.105327107
136.5636608	0.105285583
136.472047	0.105293724
136.3804332	0.105286233
136.2888194	0.105298791
136.1972056	0.105276795
136.1055918	0.105278438
136.013978	0.105285614
135.9223642	0.105262417
135.8307504	0.105264153
135.7391366	0.10523917
135.6475228	0.105226741
135.555909	0.105258946
135.4642951	0.105235149
135.3726813	0.105223487
135.2810675	0.105206602
135.1894537	0.105226219
135.0978399	0.105188287
135.0062261	0.105217963
134.9146123	0.105211189
134.8229985	0.105195422
134.7313847	0.105176547
134.6397709	0.105187839
134.5481571	0.105157024
134.4565433	0.105162754
134.3649295	0.105165826
134.2733157	0.105158008
134.1817019	0.105126189
134.090088	0.105137552
133.9984742	0.105135289
133.9068604	0.105125752
133.8152466	0.105100144
133.7236328	0.10510113
133.632019	0.105106604
133.5404052	0.105088377
133.4487914	0.105095104
133.3571776	0.105076891
133.2655638	0.105098401
133.17395	0.105039328
133.0823362	0.105051166
132.9907224	0.105038718
132.8991086	0.105055231
132.8074947	0.105034392
132.7158809	0.105033129
132.6242671	0.105014473
132.5326533	0.105039073
132.4410395	0.1050217
132.3494257	0.105000754
132.2578119	0.104989877
132.1661981	0.104999967
132.0745843	0.105007773
131.9829705	0.104987882
131.8913567	0.104978885
131.7997429	0.104982451
131.7081291	0.104947043
131.6165153	0.104948816
131.5249015	0.104925671
131.4332876	0.104960759
131.3416738	0.104946243
131.25006	0.104918933
131.1584462	0.104922636
131.0668324	0.104912733
130.9752186	0.104904824
130.8836048	0.104895126
130.791991	0.104914076
130.7003772	0.104864916
130.6087634	0.104881919
130.5171496	0.104872955
130.4255358	0.104871069
130.333922	0.104874348
130.2423082	0.10485423
130.1506943	0.104826177
130.0590805	0.104841575
129.9674667	0.10482747
129.8758529	0.104833638
129.7842391	0.104815054
129.6926253	0.104803176
129.6010115	0.104788928
129.5093977	0.104795625
129.4177839	0.104810422
129.3261701	0.104795886
129.2345563	0.104779095
129.1429425	0.104810763
129.0513287	0.10476201
128.9597149	0.104762323
128.8681011	0.104775641
128.7764872	0.104739815
128.6848734	0.104743575
128.5932596	0.104738226
128.5016458	0.10473112
128.410032	0.104729548
128.3184182	0.104708844
128.2268044	0.104683189
128.1351906	0.104682365
128.0435768	0.104695974
127.951963	0.104690576
127.8603492	0.104681459
127.7687354	0.104684056
127.6771216	0.104671358
127.5855078	0.104658725
127.4938939	0.104654607
127.4022801	0.104652563
127.3106663	0.104640433
127.2190525	0.104652575
127.1274387	0.104637609
127.0358249	0.104619082
126.9442111	0.104611226
126.8525973	0.104628526
126.7609835	0.104620067
126.6693697	0.104600668
126.5777559	0.104595212
126.4861421	0.104591051
126.3945283	0.104590184
126.3029145	0.104602705
126.2113007	0.104574366
126.1196868	0.10453937
126.028073	0.104543872
125.9364592	0.104553479
125.8448454	0.104557673
125.7532316	0.104528431
125.6616178	0.104544637
125.570004	0.104551391
125.4783902	0.104514556
125.3867764	0.104500732
125.2951626	0.104498509
125.2035488	0.104496267
125.111935	0.104474493
125.0203212	0.104501736
124.9287074	0.104478802
124.8370935	0.104458056
124.7454797	0.104467139
124.6538659	0.104451889
124.5622521	0.104450743
124.4706383	0.104444861
124.3790245	0.104437498
124.2874107	0.104424191
124.1957969	0.104421887
124.1041831	0.10442111
124.0125693	0.104398506
123.9209555	0.104395924
123.8293417	0.104383064
123.7377279	0.104376602
123.6461141	0.104364528
123.5545003	0.104380944
123.4628864	0.104361256
123.3712726	0.1043643
123.2796588	0.104343894
123.188045	0.104340721
123.0964312	0.104323782
123.0048174	0.104335481
122.9132036	0.104328827
122.8215898	0.104328599
122.729976	0.104333041
122.6383622	0.104301776
122.5467484	0.104309862
122.4551346	0.104277505
122.3635208	0.104279448
122.271907	0.104280799
122.1802931	0.104286053
122.0886793	0.104257896
121.9970655	0.104307326
121.9054517	0.104263472
121.8138379	0.104245408
121.7222241	0.104230844
121.6306103	0.104226231
121.5389965	0.104229764
121.4473827	0.104222385
121.3557689	0.104205273
121.2641551	0.104198715
121.1725413	0.104205353
121.0809275	0.104189855
120.9893137	0.104171348
120.8976998	0.104162768
120.806086	0.104202976
120.7144722	0.1041625
120.6228584	0.104140202
120.5312446	0.104157471
120.4396308	0.104175239
120.348017	0.104122319
120.2564032	0.104136255
120.1647894	0.104124022
120.0731756	0.10412154
119.9815618	0.104106913
119.889948	0.104114679
119.7983342	0.104101806
119.7067204	0.104102732
119.6151066	0.104079351
119.5234927	0.104084029
119.4318789	0.104093526
119.3402651	0.104074124
119.2486513	0.104049672
119.1570375	0.104045137
119.0654237	0.104054613
118.9738099	0.104026614
118.8821961	0.104033435
118.7905823	0.104038275
118.6989685	0.104016193
118.6073547	0.104008674
118.5157409	0.104015832
118.4241271	0.10401366
118.3325133	0.10399154
118.2408994	0.103993947
118.1492856	0.103973454
118.0576718	0.103975434
117.966058	0.103961262
117.8744442	0.103975229
117.7828304	0.103971618
117.6912166	0.103957377
117.5996028	0.103950074
117.507989	0.103937074
117.4163752	0.103933784
117.3247614	0.103923097
117.2331476	0.103931727
117.1415338	0.103922816
117.04992	0.103912444
116.9583062	0.103906479
116.8666923	0.103906401
116.7750785	0.103894649
116.6834647	0.103870354
116.5918509	0.103855679
116.5002371	0.103885865
116.4086233	0.10384215
116.3170095	0.103857458
116.2253957	0.103854902
116.1337819	0.103842143
116.0421681	0.103836525
115.9505543	0.103830591
115.8589405	0.103833355
115.7673267	0.103810884
115.6757129	0.1037836
115.584099	0.103788871
115.4924852	0.103808151
115.4008714	0.103801422
115.3092576	0.103806701
115.2176438	0.103780101
115.12603	0.103780658
115.0344162	0.103776601
114.9428024	0.103747007
114.8511886	0.103745464
114.7595748	0.103751508
114.667961	0.103759191
114.5763472	0.103734671
114.4847334	0.103726466
114.3931196	0.103707309
114.3015058	0.10371669
114.2098919	0.10370536
114.1182781	0.103704696
114.0266643	0.103694411
113.9350505	0.103683263
113.8434367	0.103663618
113.7518229	0.103673745
113.6602091	0.103674555
113.5685953	0.103659169
113.4769815	0.10364904
113.3853677	0.103644965
113.2937539	0.103658001
113.2021401	0.1036268
113.1105263	0.103636673
113.0189125	0.103628824
112.9272986	0.10362016
112.8356848	0.103601927
112.744071	0.103590605
112.6524572	0.103590365
112.5608434	0.103597239
112.4692296	0.103578996
112.3776158	0.103579244
112.286002	0.103572588
112.1943882	0.103557202
112.1027744	0.103539721
112.0111606	0.103561732
111.9195468	0.103535391
111.827933	0.103525622
111.7363192	0.103526413
111.6447054	0.103535602
111.5530915	0.103507711
111.4614777	0.103486683
111.3698639	0.103512166
111.2782501	0.103494755
111.1866363	0.103482711
111.0950225	0.103502011
111.0034087	0.10349421
110.9117949	0.103458452
110.8201811	0.103450618
110.7285673	0.103462846
110.6369535	0.103446289
110.5453397	0.103460672
110.4537259	0.103437807
110.3621121	0.103422254
110.2704982	0.103432723
110.1788844	0.103417829
110.0872706	0.103398509
109.9956568	0.103406162
109.904043	0.103408795
109.8124292	0.103420224
109.7208154	0.103394616
109.6292016	0.103389949
109.5375878	0.103376529
109.445974	0.103363843
109.3543602	0.103365667
109.2627464	0.103362152
109.1711326	0.103345349
109.0795188	0.103341354
108.987905	0.103342272
108.8962911	0.10333052
108.8046773	0.103344888
108.7130635	0.103307302
108.6214497	0.103314958
108.5298359	0.103281256
108.4382221	0.103310534
108.3466083	0.103278577
108.2549945	0.10330545
108.1633807	0.103292731
108.0717669	0.103284872
107.9801531	0.103265303
107.8885393	0.103252516
107.7969255	0.103255816
107.7053117	0.103250181
107.6136978	0.103246911
107.522084	0.10322089
107.4304702	0.103227409
107.3388564	0.103238518
107.2472426	0.103214864
107.1556288	0.103222254
107.064015	0.103195135
106.9724012	0.103197672
106.8807874	0.103197898
106.7891736	0.103182417
106.6975598	0.103207033
106.605946	0.103174143
106.5143322	0.103174823
106.4227184	0.103175558
106.3311046	0.103163897
106.2394907	0.103166971
106.1478769	0.103155124
106.0562631	0.103136284
105.9646493	0.103135963
105.8730355	0.103153909
105.7814217	0.103113934
105.6898079	0.103112177
105.5981941	0.10311825
105.5065803	0.103114394
105.4149665	0.103099647
105.3233527	0.103101422
105.2317389	0.103059679
105.1401251	0.103093451
105.0485113	0.103067035
104.9568974	0.103077264
104.8652836	0.103058041
104.7736698	0.103043427
104.682056	0.103039096
104.5904422	0.103042042
104.4988284	0.103027625
104.4072146	0.103020678
104.3156008	0.103025004
104.223987	0.103017257
104.1323732	0.103023843
104.0407594	0.103006265
103.9491456	0.102979519
103.8575318	0.102971063
103.765918	0.102982064
103.6743042	0.102969053
103.5826903	0.102972368
103.4910765	0.102942504
103.3994627	0.102943408
103.3078489	0.102949782
103.2162351	0.10293117
103.1246213	0.102926348
103.0330075	0.102929843
102.9413937	0.102925889
102.8497799	0.102937451
102.7581661	0.102906705
102.6665523	0.10289844
102.5749385	0.102907596
102.4833247	0.102903511
102.3917109	0.102900575
102.300097	0.102869503
102.2084832	0.102873112
102.1168694	0.102865216
102.0252556	0.102856819
101.9336418	0.10285679
101.842028	0.102840351
101.7504142	0.102834528
101.6588004	0.1028318
101.5671866	0.102823048
101.4755728	0.102818726
101.383959	0.102799976
101.2923452	0.10281281
101.2007314	0.102802923
101.1091176	0.102791575
101.0175038	0.102784731
100.9258899	0.102770295
100.8342761	0.102767019
100.7426623	0.102749596
100.6510485	0.10270722
100.5594347	0.102669489
100.4678209	0.102652033
100.3762071	0.102655441
100.2845933	0.102658333
100.1929795	0.1026223
100.1013657	0.102608952
100.0097519	0.102576471
99.91813807	0.102544757
99.82652426	0.102501168
99.73491046	0.102449167
99.64329665	0.102385065
99.55168284	0.102324682
99.46006903	0.102319957
99.36845523	0.102257342
99.27684142	0.102225074
99.18522761	0.102225902
99.09361381	0.102157424
99.002	0.1021199
