283.773	0.17171
283.239	0.17155
282.885	0.17144
282.346	0.17128
282.176	0.17122
281.64	0.17106
281.284	0.17095
280.764	0.1708
280.584	0.17073
280.053	0.17058
279.709	0.17048
279.199	0.17033
279.017	0.17028
278.502	0.17014
278.136	0.17004
277.6	0.16989
277.413	0.16984
276.888	0.1697
276.536	0.16961
276.005	0.16946
275.826	0.16942
275.313	0.16927
274.974	0.16917
274.465	0.16906
274.294	0.16901
273.807	0.16888
273.477	0.1688
272.988	0.16867
272.832	0.16863
272.349	0.16849
272.031	0.1684
271.553	0.16828
271.402	0.16824
270.925	0.16813
270.611	0.16805
270.131	0.16793
269.981	0.16788
269.526	0.1678
269.222	0.16772
268.774	0.1676
268.632	0.16755
268.186	0.16745
267.893	0.16736
267.447	0.16724
267.306	0.16722
266.871	0.16712
266.59	0.16703
266.172	0.16694
266.028	0.16691
265.607	0.16681
265.332	0.16673
264.925	0.16662
264.784	0.1666
264.372	0.1665
264.102	0.16643
263.699	0.16633
263.562	0.16631
263.181	0.1662
262.914	0.16613
262.526	0.16603
262.389	0.16602
262.002	0.16592
261.748	0.16587
261.363	0.16577
261.232	0.16574
260.861	0.16566
260.611	0.16559
260.243	0.16551
260.12	0.16548
259.764	0.1654
259.523	0.16535
259.156	0.16525
259.039	0.16521
258.675	0.16514
258.436	0.16509
258.071	0.165
257.957	0.16497
257.613	0.16489
257.394	0.16482
257.061	0.16476
256.955	0.16473
256.609	0.16465
256.389	0.16459
256.058	0.16452
255.952	0.1645
255.625	0.16443
255.414	0.16436
255.093	0.16429
254.993	0.16428
254.666	0.16419
254.451	0.16416
254.123	0.16408
254.02	0.16404
253.712	0.16398
253.511	0.16394
253.215	0.16387
253.115	0.16383
252.817	0.16377
252.618	0.16371
252.319	0.16367
252.219	0.16364
251.928	0.16357
251.737	0.1635
251.445	0.16346
251.345	0.16343
251.048	0.16336
250.86	0.16332
250.59	0.16326
250.496	0.16325
250.224	0.16317
250.042	0.16314
249.773	0.16308
249.679	0.16305
249.407	0.163
249.227	0.16297
248.959	0.1629
248.865	0.16288
248.603	0.16281
248.421	0.16276
248.154	0.16271
248.062	0.1627
247.803	0.16263
247.641	0.16259
247.388	0.16254
247.298	0.16252
247.06	0.16246
246.906	0.16243
246.669	0.16237
246.585	0.16236
246.34	0.1623
246.178	0.16228
245.924	0.16222
245.843	0.16219
245.609	0.16213
245.451	0.1621
245.229	0.16207
245.152	0.16204
244.92	0.16197
244.774	0.16194
244.549	0.16189
244.48	0.16187
244.26	0.16183
244.117	0.1618
243.895	0.16174
243.825	0.16171
243.607	0.16168
243.466	0.16164
243.245	0.16159
243.176	0.16159
242.963	0.16155
242.81	0.16149
242.596	0.16146
242.532	0.16144
242.332	0.1614
242.2	0.16136
241.998	0.16132
241.933	0.16131
241.734	0.16125
241.601	0.16122
241.402	0.16118
241.342	0.16116
241.15	0.16112
241.014	0.16109
240.811	0.16104
240.749	0.16104
240.563	0.161
240.439	0.16098
240.249	0.16092
240.182	0.1609
239.996	0.16087
239.876	0.16083
239.693	0.1608
239.631	0.16077
239.45	0.16075
239.333	0.16072
239.16	0.16067
239.096	0.16063
238.915	0.16062
238.796	0.16059
238.622	0.16055
238.561	0.16055
238.389	0.1605
238.27	0.16047
238.092	0.16043
238.03	0.16043
237.859	0.16037
237.832	0.16037
237.618	0.16034
237.552	0.16031
237.364	0.16028
237.242	0.16025
237.075	0.16021
237.02	0.16019
236.867	0.16017
236.764	0.16012
236.613	0.16011
236.556	0.16009
236.398	0.16007
236.292	0.16006
236.143	0.16
236.094	0.15998
235.939	0.15998
235.826	0.15995
235.672	0.1599
235.625	0.1599
235.479	0.15984
235.386	0.15982
235.24	0.15979
235.194	0.15978
235.04	0.15975
234.945	0.15972
234.79	0.15969
234.737	0.15969
234.586	0.15966
234.482	0.15962
234.34	0.1596
234.292	0.15959
234.15	0.15955
234.057	0.15953
233.923	0.15952
233.88	0.1595
233.745	0.15947
233.646	0.15946
233.504	0.15941
233.461	0.15941
233.332	0.15939
233.244	0.15935
233.12	0.15934
233.079	0.15931
232.954	0.15928
232.873	0.15926
232.75	0.15923
232.704	0.15923
232.568	0.15921
232.483	0.1592
232.365	0.15915
232.318	0.15915
232.172	0.15912
232.082	0.1591
231.949	0.15907
231.897	0.15905
231.769	0.15904
231.688	0.15902
231.573	0.15899
231.532	0.15899
231.408	0.15895
231.332	0.15895
231.222	0.15891
231.181	0.15889
231.064	0.15886
230.985	0.15885
230.872	0.15881
230.835	0.15881
230.722	0.1588
230.645	0.15877
230.529	0.15876
230.484	0.15875
230.364	0.15873
230.285	0.1587
230.163	0.15869
230.122	0.15866
230.01	0.15864
229.939	0.15863
229.838	0.15859
229.798	0.15859
229.684	0.15857
229.607	0.15858
229.494	0.15853
229.461	0.15853
229.355	0.15849
229.287	0.15848
229.169	0.15845
229.131	0.15845
229.021	0.15843
228.946	0.15841
228.835	0.15838
228.802	0.15838
228.703	0.15835
228.629	0.15833
228.53	0.15832
228.498	0.15833
228.402	0.15829
228.339	0.15827
228.243	0.15825
228.212	0.15824
228.111	0.1582
228.039	0.15821
227.925	0.15817
227.886	0.15817
227.777	0.15814
227.714	0.15812
227.616	0.15812
227.585	0.15812
227.481	0.15807
227.412	0.15806
227.316	0.15807
227.286	0.15805
227.19	0.15802
227.124	0.158
227.029	0.15799
226.994	0.15797
226.901	0.15796
226.841	0.15794
226.752	0.15793
226.723	0.15791
226.632	0.15792
226.563	0.15789
226.466	0.15786
226.433	0.15787
226.337	0.15783
226.268	0.15781
226.17	0.15781
226.139	0.15779
226.052	0.15776
225.992	0.15775
225.906	0.15776
225.876	0.15776
225.788	0.1577
225.725	0.15769
225.635	0.15768
225.603	0.15768
225.516	0.15766
225.451	0.15762
225.362	0.15763
225.332	0.15761
225.252	0.15759
225.191	0.15756
225.097	0.15755
225.067	0.15754
224.987	0.15753
224.934	0.15753
224.839	0.1575
224.81	0.15749
224.727	0.15746
224.67	0.15747
224.581	0.15745
224.544	0.15744
224.451	0.15742
224.394	0.15742
224.305	0.15739
224.278	0.15738
224.203	0.15737
224.148	0.15735
224.067	0.15735
224.042	0.15735
223.954	0.15732
223.902	0.15729
223.828	0.15726
223.806	0.15727
223.728	0.15726
223.677	0.15724
223.595	0.15724
223.57	0.1572
223.484	0.1572
223.431	0.1572
223.357	0.15717
223.335	0.15717
223.251	0.15714
223.197	0.15713
223.121	0.15712
223.096	0.15711
223.024	0.1571
222.974	0.15707
222.89	0.15707
222.864	0.15708
222.775	0.15705
222.724	0.15704
222.648	0.15702
222.621	0.15704
222.545	0.157
222.497	0.15698
222.427	0.15697
222.401	0.15695
222.323	0.15693
222.277	0.15694
222.203	0.15692
222.178	0.15692
222.109	0.1569
222.054	0.1569
221.974	0.15686
221.951	0.15686
221.887	0.15685
221.843	0.15685
221.769	0.15684
221.742	0.15682
221.67	0.1568
221.618	0.15678
221.543	0.15673
221.521	0.15676
221.456	0.15677
221.413	0.15676
221.344	0.15672
221.32	0.15675
221.245	0.1567
221.191	0.15669
221.113	0.15669
221.09	0.15667
221.014	0.15667
220.961	0.15664
220.883	0.15664
220.851	0.15663
220.779	0.15661
220.734	0.1566
220.673	0.15659
220.647	0.15657
220.562	0.15659
220.511	0.15656
220.442	0.15653
220.417	0.15654
220.349	0.15652
220.305	0.15652
220.235	0.1565
220.211	0.15649
220.146	0.15647
220.103	0.15647
220.039	0.15645
220.02	0.15644
219.958	0.15643
219.917	0.15642
219.852	0.1564
219.827	0.1564
219.738	0.15639
219.689	0.15638
219.622	0.15636
219.6	0.15635
219.543	0.15635
219.504	0.15633
219.433	0.15632
219.411	0.1563
219.341	0.15628
219.299	0.15628
219.239	0.15626
219.22	0.15627
219.15	0.15625
219.102	0.15625
219.031	0.15622
219.009	0.15621
218.951	0.15621
218.911	0.15619
218.85	0.15618
218.83	0.15618
218.767	0.15618
218.724	0.15614
218.65	0.15614
218.628	0.15615
218.564	0.15612
218.525	0.15611
218.454	0.15609
218.431	0.15608
218.341	0.15608
218.288	0.15607
218.217	0.15603
218.199	0.15605
218.14	0.15603
218.102	0.15603
218.026	0.15601
217.998	0.15601
217.927	0.15597
217.89	0.15597
217.829	0.15595
217.81	0.15596
217.748	0.15593
217.711	0.15592
217.65	0.15591
217.627	0.15593
217.556	0.15592
217.51	0.15591
217.447	0.15588
217.426	0.15587
217.369	0.15586
217.328	0.15586
217.261	0.15585
217.238	0.15583
217.181	0.15583
217.143	0.15581
217.089	0.15581
217.067	0.15578
216.997	0.15577
216.953	0.15576
216.891	0.15572
216.873	0.15575
216.81	0.15572
216.767	0.15573
216.697	0.15571
216.675	0.15571
216.613	0.1557
216.569	0.15567
216.508	0.1557
216.487	0.15567
216.42	0.15564
216.363	0.15564
216.296	0.15566
216.274	0.15561
216.212	0.15561
216.172	0.1556
216.109	0.1556
216.085	0.15557
216.02	0.15557
215.97	0.15557
215.903	0.15554
215.881	0.15554
215.818	0.15552
215.774	0.15551
215.71	0.1555
215.69	0.1555
215.652	0.1555
215.642	0.15547
215.637	0.15545
215.63	0.15546
215.59	0.15544
215.57	0.15544
215.548	0.15543
215.551	0.15543
215.559	0.15541
215.556	0.15541
215.525	0.15539
215.506	0.15537
215.443	0.15539
215.393	0.15536
215.318	0.15534
215.298	0.15536
215.225	0.15532
215.173	0.15532
215.101	0.15533
215.075	0.15532
215	0.15532
214.955	0.15529
214.888	0.15528
214.868	0.15527
214.804	0.15528
214.758	0.15524
214.681	0.15525
214.66	0.15523
214.598	0.15523
214.559	0.15521
214.492	0.15521
214.472	0.1552
214.4	0.15519
214.354	0.15518
214.29	0.15516
214.268	0.15516
214.194	0.15514
214.15	0.15513
214.08	0.15513
214.057	0.1551
213.993	0.1551
213.959	0.15508
213.894	0.15509
213.87	0.15509
213.801	0.15506
213.759	0.15506
213.681	0.15504
213.658	0.15504
213.593	0.15503
213.553	0.15503
213.483	0.15501
213.464	0.15501
213.399	0.15499
213.359	0.15498
213.303	0.15497
213.282	0.15498
213.226	0.15496
213.19	0.15493
213.107	0.15494
213.086	0.15492
213.034	0.15492
212.998	0.15491
212.938	0.15489
212.917	0.15491
212.861	0.15488
212.822	0.15484
212.75	0.15485
212.73	0.15486
212.668	0.15483
212.63	0.15482
212.574	0.15478
212.554	0.1548
212.492	0.1548
212.45	0.15479
212.386	0.15478
212.366	0.15478
212.31	0.15476
212.262	0.15475
212.208	0.15474
212.192	0.15473
212.132	0.15472
212.09	0.15473
212.029	0.15471
212.01	0.1547
211.95	0.15469
211.907	0.15466
211.835	0.15466
211.808	0.15466
211.739	0.15464
211.691	0.15464
211.637	0.15462
211.62	0.15461
211.562	0.15458
211.522	0.15459
211.461	0.15461
211.441	0.15456
211.378	0.15456
211.334	0.15456
211.275	0.15454
211.255	0.15456
211.19	0.15452
211.151	0.15452
211.091	0.15451
211.074	0.1545
211.019	0.1545
210.98	0.15447
210.924	0.15446
210.904	0.15445
210.833	0.15443
210.785	0.15443
210.728	0.15443
210.713	0.15443
210.654	0.15443
210.614	0.15442
210.553	0.15443
210.531	0.15438
210.466	0.15439
210.429	0.15437
210.369	0.15436
210.351	0.15434
210.281	0.15432
210.236	0.15432
210.176	0.15431
210.159	0.15432
210.098	0.15429
202.038	0.15428
206.709	0.15429
207.504	0.15427
208.906	0.15427
209.311	0.15426
209.568	0.15424
209.602	0.15422
209.62	0.15422
209.606	0.15421
209.555	0.1542
209.537	0.15419
209.487	0.15417
209.45	0.15418
209.393	0.15416
209.373	0.15414
209.321	0.15412
209.278	0.15414
209.215	0.15411
209.193	0.1541
209.127	0.1541
209.087	0.1541
209.025	0.15409
209.002	0.15406
208.941	0.15407
208.899	0.15405
208.833	0.15403
208.809	0.15403
208.75	0.15402
208.699	0.15401
208.632	0.154
208.607	0.15399
208.54	0.15397
208.5	0.15398
208.442	0.15396
208.424	0.15396
208.373	0.15395
208.339	0.15395
208.281	0.15393
208.259	0.15396
208.194	0.15391
208.152	0.15391
208.089	0.15389
208.069	0.15388
208.001	0.15387
207.96	0.15387
207.891	0.15384
207.87	0.15385
207.803	0.15382
207.761	0.15382
207.705	0.1538
207.687	0.1538
207.628	0.15379
207.588	0.15378
207.529	0.15377
207.511	0.15377
207.444	0.15374
207.402	0.15374
207.337	0.15373
207.316	0.15373
207.264	0.15372
207.229	0.1537
207.165	0.15369
207.144	0.15368
207.082	0.15368
207.038	0.15365
206.984	0.15366
206.962	0.15365
206.906	0.15362
206.869	0.15364
206.805	0.1536
206.781	0.1536
206.716	0.1536
206.666	0.15358
206.602	0.15358
206.582	0.15356
206.523	0.15357
206.478	0.15354
206.417	0.15354
206.398	0.15352
206.34	0.15352
206.298	0.15352
206.236	0.1535
206.217	0.1535
206.16	0.15345
206.12	0.15348
206.051	0.15345
206.024	0.15346
205.958	0.15343
205.918	0.15344
205.859	0.15344
205.839	0.15342
205.776	0.15338
205.731	0.15341
205.637	0.15339
205.611	0.15338
205.546	0.15334
205.505	0.15335
205.439	0.15334
205.415	0.15333
205.351	0.15332
205.31	0.15329
205.258	0.15331
205.24	0.15329
205.189	0.15327
205.155	0.15328
205.102	0.15327
205.082	0.15325
205.02	0.15321
204.975	0.15321
204.901	0.15324
204.876	0.15321
204.815	0.15321
204.773	0.15319
204.707	0.15317
204.686	0.15317
204.623	0.15317
204.575	0.15315
204.5	0.15314
204.479	0.15315
204.421	0.15311
204.383	0.15311
204.306	0.15309
204.284	0.15308
204.23	0.15308
204.187	0.15305
204.116	0.15306
204.09	0.15305
204.015	0.15303
203.965	0.15303
203.893	0.15302
203.871	0.15299
203.812	0.15301
203.776	0.15296
203.72	0.15297
203.699	0.15298
203.641	0.15295
203.6	0.15295
203.542	0.15295
203.521	0.15292
203.445	0.15292
203.398	0.15291
203.33	0.1529
203.31	0.15288
203.243	0.15288
203.199	0.15287
203.135	0.15284
203.112	0.15285
203.046	0.15282
202.999	0.15284
202.923	0.15282
202.903	0.15281
202.843	0.15282
202.801	0.15278
202.739	0.15277
202.72	0.15277
202.669	0.15276
202.632	0.15275
202.57	0.15272
202.55	0.15274
202.486	0.15272
202.445	0.1527
202.382	0.15268
202.359	0.15268
202.292	0.15268
202.24	0.15267
202.169	0.15265
202.145	0.15265
202.084	0.15263
202.042	0.15261
201.977	0.15262
201.953	0.15259
201.887	0.15261
201.846	0.15257
201.786	0.15257
201.766	0.15252
201.691	0.15255
201.643	0.15255
201.575	0.15255
201.553	0.15254
201.487	0.15251
201.449	0.1525
201.381	0.15249
201.36	0.15246
201.3	0.15246
201.253	0.15247
201.167	0.15246
201.143	0.15241
201.077	0.15246
201.037	0.15242
200.972	0.1524
200.951	0.15239
200.881	0.1524
200.831	0.15238
200.743	0.15239
200.715	0.15235
200.655	0.15232
200.609	0.15234
200.544	0.15231
200.522	0.15234
200.461	0.15231
200.418	0.15228
200.357	0.15229
200.333	0.15227
200.265	0.15228
200.219	0.15228
200.146	0.15225
200.122	0.15225
200.048	0.15222
200.008	0.15223
199.943	0.15219
199.922	0.15217
199.856	0.15218
199.815	0.15216
199.739	0.15216
199.715	0.15215
199.643	0.15218
199.592	0.15212
199.521	0.15213
199.498	0.15209
199.42	0.15209
199.366	0.15209
199.282	0.15208
199.256	0.15207
199.176	0.15205
199.115	0.15203
199.04	0.15201
199.012	0.15202
198.939	0.15201
198.897	0.15196
198.816	0.15197
198.788	0.15196
198.72	0.15196
198.675	0.15195
198.611	0.15193
198.59	0.15195
198.523	0.15196
198.472	0.15191
198.399	0.1519
198.374	0.15189
198.303	0.15185
198.243	0.15187
198.155	0.15185
198.125	0.15183
198.05	0.15182
197.99	0.15189
197.914	0.15181
197.89	0.15182
197.819	0.1518
197.768	0.15178
197.687	0.15176
197.665	0.15177
197.596	0.15178
197.531	0.15175
197.44	0.15173
197.413	0.15173
197.331	0.15171
197.273	0.15166
197.192	0.15169
197.168	0.15169
197.106	0.15165
197.061	0.15165
196.998	0.15163
196.973	0.15163
196.882	0.15161
196.814	0.15162
196.747	0.15158
196.725	0.15161
196.656	0.15157
196.611	0.15156
196.538	0.15156
196.511	0.15154
196.432	0.15152
196.385	0.15153
196.303	0.15152
196.276	0.1515
196.202	0.15149
196.151	0.15148
196.083	0.15147
196.057	0.15146
195.991	0.15143
195.944	0.1514
195.875	0.15143
195.851	0.15141
195.778	0.15138
195.731	0.15141
195.657	0.15132
195.628	0.15138
195.553	0.15134
195.5	0.15135
195.411	0.15132
195.388	0.15138
195.321	0.15127
195.269	0.15129
195.186	0.15129
195.159	0.15127
195.067	0.15127
195.007	0.15125
194.941	0.15123
194.92	0.15125
194.854	0.15121
194.808	0.15122
194.738	0.15117
194.711	0.15117
194.627	0.1512
194.567	0.15116
194.468	0.15111
194.441	0.15114
194.353	0.15113
194.302	0.15111
194.199	0.1511
194.171	0.15109
194.096	0.15107
194.05	0.15108
193.983	0.15107
193.961	0.15104
193.89	0.15104
193.831	0.15103
193.743	0.15102
193.716	0.151
193.638	0.15099
193.585	0.15095
193.513	0.15098
193.492	0.15095
193.432	0.15093
193.388	0.15093
193.308	0.15092
193.277	0.15089
193.183	0.15092
193.111	0.15091
193.004	0.15089
192.977	0.15088
192.902	0.15085
192.839	0.15087
192.764	0.15084
192.738	0.15084
192.667	0.15083
192.618	0.1508
192.541	0.1508
192.513	0.15075
192.422	0.15076
192.362	0.15074
192.289	0.15073
192.266	0.15072
192.196	0.1507
192.148	0.1507
192.083	0.15066
192.062	0.15068
191.987	0.15067
191.939	0.15066
191.857	0.15061
191.832	0.15062
191.755	0.15061
191.706	0.15063
191.619	0.15059
191.59	0.15057
191.504	0.15053
191.447	0.15056
191.348	0.15053
191.318	0.15053
191.232	0.15052
191.183	0.15049
191.117	0.1505
191.094	0.15047
191.012	0.15046
190.949	0.15047
190.856	0.15045
190.828	0.15044
190.74	0.15043
190.685	0.15042
190.608	0.15042
190.576	0.15039
190.48	0.15036
190.416	0.15037
190.318	0.15039
190.277	0.15034
190.19	0.15036
190.145	0.15031
190.081	0.15034
190.055	0.1503
189.982	0.15029
189.927	0.15026
189.839	0.15025
189.81	0.15021
189.725	0.15023
189.673	0.1502
189.583	0.15024
189.548	0.15019
189.445	0.15021
189.382	0.15018
189.286	0.15018
189.258	0.15016
189.182	0.15015
189.116	0.15018
189.019	0.15013
188.993	0.15012
188.905	0.15011
188.848	0.15012
188.755	0.15007
188.723	0.15005
188.615	0.15005
188.559	0.15003
188.482	0.15004
188.457	0.15004
188.382	0.14998
188.32	0.15
188.231	0.14998
188.209	0.14998
188.126	0.14999
188.068	0.14994
187.986	0.14993
187.956	0.14988
187.858	0.14992
187.792	0.14988
187.722	0.1499
187.696	0.14988
187.605	0.14987
187.539	0.14987
187.454	0.14977
187.423	0.14981
187.339	0.14979
187.29	0.14979
187.192	0.14977
187.159	0.14976
187.061	0.14976
187.002	0.14974
186.919	0.14974
186.891	0.14972
186.81	0.14969
186.741	0.14968
186.644	0.14965
186.613	0.14967
186.515	0.14972
186.445	0.14962
186.353	0.14963
186.321	0.14961
186.227	0.14962
186.17	0.14959
186.085	0.14958
186.045	0.14955
185.939	0.14956
185.889	0.14953
185.817	0.14955
185.793	0.14951
185.682	0.14948
185.619	0.14946
185.499	0.14949
185.472	0.14946
185.37	0.14943
185.297	0.14948
185.202	0.14942
185.175	0.14943
185.073	0.1494
185.01	0.14938
184.924	0.14934
184.897	0.14937
184.817	0.14937
184.769	0.14932
184.684	0.14932
184.657	0.14928
184.542	0.14929
184.472	0.14926
184.386	0.14927
184.355	0.14927
184.248	0.14925
184.177	0.14924
184.093	0.14925
184.066	0.14922
183.973	0.14922
183.904	0.14922
183.811	0.14917
183.773	0.14916
183.684	0.14914
183.625	0.14915
183.545	0.14907
183.51	0.14911
183.43	0.14909
183.372	0.14906
183.282	0.14907
183.243	0.14905
183.151	0.14899
183.089	0.14904
182.991	0.14899
182.96	0.14904
182.864	0.14899
182.809	0.14897
182.716	0.14896
182.684	0.14898
182.599	0.14894
182.549	0.14893
182.478	0.14888
182.452	0.14889
182.356	0.14884
182.288	0.14885
182.193	0.14887
182.159	0.14886
182.059	0.14886
182.005	0.14881
181.917	0.1488
181.889	0.1488
181.82	0.14879
181.772	0.14877
181.689	0.14876
181.662	0.14877
181.525	0.14871
181.445	0.14872
181.349	0.14868
181.311	0.1487
181.214	0.14868
181.148	0.14865
181.065	0.14865
181.036	0.14865
180.932	0.14865
180.869	0.14863
180.791	0.14863
180.763	0.14858
180.68	0.14852
180.603	0.14856
180.501	0.14855
180.468	0.14852
180.34	0.14856
180.28	0.1485
180.19	0.14849
180.167	0.14848
180.069	0.14849
179.998	0.14847
179.908	0.14841
179.885	0.14847
179.788	0.14846
179.72	0.14843
179.642	0.14841
179.612	0.14839
179.532	0.1484
179.472	0.14837
179.368	0.14833
179.333	0.14832
179.224	0.14833
179.161	0.14833
179.053	0.14829
179.029	0.14829
178.942	0.1483
178.874	0.1483
178.764	0.14824
178.736	0.14822
178.643	0.14823
178.572	0.14827
178.468	0.14815
178.435	0.14821
178.329	0.14814
178.263	0.14816
178.157	0.14815
178.131	0.14818
178.062	0.14812
178.001	0.14811
177.915	0.14809
177.888	0.14808
177.804	0.14807
177.751	0.14806
177.671	0.14801
177.644	0.14807
177.548	0.14803
177.479	0.14801
177.372	0.148
177.344	0.14797
177.25	0.148
177.174	0.14794
177.072	0.14797
177.041	0.14794
176.956	0.14789
176.89	0.14791
176.792	0.14788
176.766	0.14788
176.67	0.14787
176.608	0.14784
176.505	0.14783
176.474	0.14781
176.379	0.1478
176.325	0.14777
176.227	0.1478
176.195	0.14781
176.093	0.14778
176.038	0.1478
175.963	0.14774
175.931	0.14772
175.836	0.1477
175.763	0.14773
175.638	0.14768
175.603	0.14767
175.482	0.14767
175.412	0.14767
175.307	0.14762
175.276	0.14761
175.159	0.1476
175.09	0.1476
174.976	0.14761
174.945	0.14756
174.849	0.14753
174.791	0.14752
174.662	0.14753
174.637	0.14751
174.558	0.1475
174.489	0.1475
174.392	0.1475
174.358	0.14745
174.238	0.14747
174.17	0.14745
174.074	0.14742
174.048	0.14741
173.954	0.14737
173.885	0.14738
173.786	0.14737
173.758	0.14737
173.651	0.14734
173.579	0.14733
173.49	0.14731
173.463	0.14734
173.385	0.1473
173.318	0.14728
173.219	0.14726
173.194	0.14726
173.11	0.14724
173.035	0.14724
172.936	0.1472
172.897	0.14721
172.805	0.14719
172.728	0.14714
172.598	0.14716
172.571	0.14716
172.492	0.14718
172.439	0.14715
172.343	0.14711
172.308	0.14719
172.219	0.14708
172.167	0.14704
172.068	0.14707
172.037	0.14706
171.945	0.14702
171.888	0.14706
171.803	0.14699
171.775	0.14706
171.691	0.14698
171.612	0.14701
171.52	0.14693
171.49	0.14695
171.402	0.14696
171.347	0.14691
171.266	0.14692
171.234	0.14688
171.125	0.1469
171.049	0.14687
170.917	0.14682
170.888	0.14684
170.805	0.14681
170.73	0.14685
170.628	0.14683
170.575	0.14683
170.474	0.14682
170.403	0.14677
170.294	0.14674
170.257	0.14674
170.176	0.14674
170.123	0.14675
170.029	0.14675
169.997	0.1467
169.885	0.14668
169.818	0.14668
169.702	0.14671
169.674	0.14666
169.595	0.14661
169.529	0.14664
169.436	0.14659
169.401	0.1466
169.281	0.14658
169.189	0.14657
169.055	0.14659
169.018	0.14656
168.929	0.14651
168.875	0.14655
168.763	0.14648
168.734	0.1465
168.643	0.14651
168.578	0.14646
168.47	0.14646
168.438	0.1464
168.355	0.14643
168.27	0.14643
168.155	0.14642
168.121	0.1464
168.05	0.1464
167.987	0.14638
167.9	0.14636
167.87	0.14637
167.778	0.14634
167.713	0.14632
167.605	0.14628
167.572	0.14628
167.458	0.14629
167.399	0.14626
167.325	0.14628
167.302	0.14627
167.215	0.14623
167.152	0.14622
167.032	0.1462
166.999	0.14622
166.903	0.14614
166.837	0.14615
166.727	0.14616
166.691	0.14614
166.585	0.14611
166.511	0.1461
166.397	0.1461
166.362	0.14612
166.269	0.14608
166.208	0.14609
166.112	0.14604
166.077	0.14602
165.973	0.14603
165.907	0.14604
165.787	0.14603
165.759	0.14598
165.673	0.14601
165.62	0.14601
165.537	0.14595
165.514	0.14597
165.433	0.14595
165.367	0.14592
165.276	0.14588
165.244	0.1459
165.111	0.14586
165.026	0.14586
164.915	0.14586
164.875	0.14586
164.769	0.14584
164.707	0.14581
164.582	0.14582
164.539	0.1458
164.427	0.14578
164.352	0.14578
164.231	0.14575
164.195	0.14576
164.1	0.14573
164.044	0.14574
163.94	0.14571
163.91	0.1457
163.818	0.14566
163.763	0.14564
163.677	0.14569
163.646	0.14567
163.536	0.14563
163.459	0.14562
163.342	0.14559
163.308	0.1456
163.224	0.14554
163.165	0.14559
163.073	0.14554
163.042	0.14555
162.937	0.14552
162.862	0.14552
162.736	0.14549
162.704	0.14548
162.62	0.14548
162.557	0.14549
162.469	0.14543
162.436	0.14544
162.314	0.14545
162.236	0.14542
162.133	0.1454
162.093	0.14541
162.003	0.1454
161.948	0.14538
161.82	0.14535
161.794	0.1453
161.712	0.14532
161.632	0.14532
161.525	0.14531
161.497	0.14531
161.382	0.14527
161.309	0.14529
161.22	0.14523
161.192	0.14527
161.091	0.14525
161.034	0.1452
160.941	0.14518
160.908	0.14519
160.794	0.14517
160.717	0.14518
160.619	0.14515
160.584	0.14513
160.455	0.14514
160.369	0.14513
160.255	0.14512
160.224	0.14513
160.148	0.1451
160.088	0.14506
159.988	0.14505
159.95	0.14506
159.841	0.14503
159.794	0.14502
159.722	0.14501
159.687	0.145
159.594	0.14497
159.535	0.14497
159.435	0.14496
159.4	0.14495
159.263	0.14489
159.2	0.14491
159.122	0.14492
159.078	0.14486
158.937	0.14491
158.865	0.14487
158.763	0.14484
158.733	0.14484
158.635	0.14482
158.57	0.1448
158.458	0.14474
158.433	0.14478
158.318	0.14477
158.247	0.14475
158.159	0.14479
158.128	0.14478
158.02	0.14474
157.935	0.14473
157.834	0.1447
157.796	0.14469
157.702	0.14469
157.619	0.14467
157.529	0.14467
157.494	0.14468
157.398	0.14464
157.344	0.14461
157.242	0.1446
157.204	0.14463
157.102	0.14456
157.046	0.14457
156.95	0.14456
156.922	0.14454
156.827	0.14446
156.758	0.1445
156.639	0.14451
156.591	0.1445
156.45	0.1445
156.379	0.1445
156.25	0.14447
156.214	0.14451
156.136	0.14445
156.089	0.14445
155.994	0.14446
155.965	0.14435
155.864	0.14443
155.801	0.14443
155.705	0.14435
155.673	0.14436
155.583	0.14436
155.522	0.14433
155.415	0.14433
155.383	0.14428
155.262	0.14427
155.177	0.14425
155.056	0.14429
155.031	0.14426
154.958	0.14424
154.902	0.14428
154.795	0.14417
154.753	0.14423
154.646	0.1442
154.574	0.14419
154.437	0.1442
154.407	0.14416
154.304	0.14411
154.23	0.14417
154.125	0.14414
154.091	0.14414
153.997	0.14411
153.931	0.14405
153.834	0.14407
153.79	0.14406
153.683	0.1441
153.621	0.14409
153.528	0.14403
153.495	0.14402
153.394	0.14402
153.326	0.14402
153.242	0.14398
153.209	0.14397
153.103	0.1439
153.029	0.14395
152.916	0.14393
152.887	0.14392
152.814	0.14393
152.757	0.14395
152.654	0.14391
152.623	0.14389
152.526	0.14386
152.448	0.14386
152.339	0.1438
152.308	0.14387
152.217	0.14383
152.156	0.14381
152.048	0.14381
152.016	0.14379
151.928	0.14377
151.86	0.14378
151.731	0.14378
151.694	0.14376
151.589	0.14371
151.513	0.14372
151.416	0.14367
151.389	0.1437
151.308	0.14371
151.239	0.14366
151.147	0.14365
151.119	0.14363
151.022	0.14364
150.952	0.14364
150.866	0.14363
150.835	0.14359
150.746	0.14359
150.676	0.14358
150.586	0.14356
150.552	0.14355
150.466	0.14353
150.397	0.14353
150.275	0.14349
150.236	0.1435
150.118	0.1435
150.036	0.14347
149.929	0.14347
149.898	0.14348
149.788	0.14344
149.722	0.14344
149.624	0.14341
149.589	0.14342
149.493	0.14341
149.438	0.14339
149.32	0.14333
149.272	0.14335
149.169	0.14335
149.101	0.14334
148.985	0.14331
148.95	0.14333
148.821	0.1433
148.751	0.14329
148.656	0.14328
148.625	0.1433
148.533	0.14326
148.467	0.14325
148.373	0.14321
148.344	0.14321
148.243	0.14323
148.176	0.14319
148.081	0.14323
148.053	0.1432
147.935	0.14316
147.847	0.14313
147.703	0.14315
147.66	0.14313
147.565	0.14311
147.496	0.14313
147.401	0.14307
147.37	0.14309
147.246	0.14308
147.188	0.14307
147.102	0.14305
147.06	0.14308
146.938	0.14302
146.87	0.14301
146.752	0.14301
146.716	0.14301
146.625	0.14297
146.552	0.14297
146.456	0.14297
146.408	0.14296
146.29	0.14294
146.204	0.14291
146.087	0.14291
146.055	0.1429
145.99	0.14287
145.939	0.14286
145.847	0.14287
145.813	0.1429
145.724	0.14284
145.647	0.14282
145.522	0.14281
145.488	0.1428
145.386	0.1428
145.313	0.14276
145.211	0.14276
145.169	0.14277
145.086	0.14279
145.031	0.14277
144.968	0.14273
144.932	0.14271
144.816	0.14271
144.73	0.1427
144.625	0.14268
144.592	0.14268
144.482	0.14264
144.41	0.1426
144.283	0.14264
144.248	0.14263
144.166	0.14261
144.12	0.14262
144.031	0.1426
143.993	0.14257
143.879	0.14258
143.806	0.14254
143.696	0.14255
143.66	0.14256
143.543	0.14249
143.485	0.1425
143.392	0.14248
143.358	0.14251
143.252	0.14247
143.176	0.14247
143.063	0.14245
143.03	0.14241
142.94	0.14242
142.862	0.14243
142.753	0.14243
142.722	0.1424
142.613	0.14236
142.561	0.14239
142.455	0.14234
142.421	0.14235
142.336	0.14235
142.265	0.14232
142.171	0.14231
142.133	0.14231
142.022	0.14229
141.953	0.14224
141.852	0.14226
141.823	0.14228
141.739	0.14222
141.686	0.14222
141.583	0.14222
141.547	0.14223
141.464	0.14219
141.404	0.1422
141.294	0.14218
141.256	0.14216
141.131	0.14215
141.049	0.14214
140.933	0.14213
140.898	0.14215
140.802	0.14211
140.742	0.14212
140.646	0.14209
140.619	0.14208
140.531	0.14206
140.475	0.14209
140.363	0.14203
140.321	0.14205
140.213	0.14204
140.144	0.14204
140.045	0.14201
140.015	0.14202
139.913	0.14201
139.869	0.14199
139.781	0.14194
139.751	0.14194
139.619	0.14194
139.532	0.1419
139.406	0.14191
139.364	0.14191
139.26	0.14189
139.211	0.14187
139.144	0.14188
139.108	0.14187
138.987	0.14185
138.914	0.14182
138.783	0.14183
138.752	0.14181
138.669	0.14177
138.593	0.14179
138.491	0.14182
138.456	0.14178
138.353	0.14175
138.271	0.14176
138.163	0.14172
138.126	0.14177
138.043	0.14173
137.964	0.14173
137.863	0.14169
137.824	0.14166
137.721	0.1417
137.648	0.14165
137.547	0.14164
137.512	0.14162
137.403	0.14164
137.332	0.14162
137.214	0.1416
137.175	0.14157
137.071	0.14161
137.003	0.14157
136.908	0.14154
136.875	0.14153
136.776	0.14154
136.714	0.14154
136.619	0.14153
136.592	0.14151
136.464	0.14151
136.38	0.14152
136.285	0.14146
136.255	0.14148
136.141	0.14144
136.075	0.14143
135.969	0.1414
135.937	0.1414
135.838	0.1414
135.762	0.14143
135.669	0.14139
135.628	0.14138
135.488	0.14136
135.41	0.14134
135.317	0.14132
135.288	0.14131
135.204	0.14131
135.147	0.1413
135.049	0.14129
135.024	0.14128
134.942	0.14128
134.857	0.14126
134.776	0.14122
134.743	0.14126
134.627	0.14123
134.536	0.14123
134.431	0.14123
134.396	0.14119
134.303	0.14119
134.243	0.14115
134.144	0.14116
134.113	0.14116
134.007	0.14116
133.92	0.14113
133.814	0.14111
133.784	0.14113
133.702	0.14109
133.635	0.14108
133.52	0.14107
133.481	0.14107
133.399	0.14108
133.343	0.14106
133.241	0.14102
133.211	0.14101
133.113	0.14103
133.052	0.14101
132.962	0.14098
132.934	0.14095
132.842	0.14095
132.759	0.14097
132.632	0.14095
132.598	0.14096
132.489	0.14095
132.425	0.14094
132.314	0.14091
132.269	0.1409
132.169	0.14091
132.098	0.1409
132.001	0.14085
131.97	0.14087
131.862	0.14082
131.791	0.14084
131.667	0.1408
131.637	0.14078
131.531	0.1408
131.457	0.14078
131.362	0.14078
131.328	0.14078
131.206	0.14074
131.138	0.14077
131.066	0.14074
131.029	0.14072
130.941	0.14072
130.887	0.1407
130.802	0.14068
130.768	0.1407
130.668	0.14068
130.596	0.14066
130.482	0.14063
130.439	0.14066
130.315	0.14064
130.235	0.14064
130.132	0.1406
130.081	0.14061
129.96	0.14057
129.873	0.14057
129.739	0.14055
129.701	0.14056
129.614	0.14055
129.571	0.14056
129.468	0.14052
129.428	0.14052
129.334	0.1405
129.276	0.1405
129.187	0.14049
129.16	0.14049
129.04	0.14047
128.979	0.14043
128.887	0.14045
128.86	0.14043
128.77	0.14039
128.692	0.14036
128.595	0.14041
128.566	0.14037
128.468	0.14038
128.396	0.14034
128.268	0.14033
128.227	0.1403
128.13	0.14033
128.065	0.14031
127.977	0.14029
127.941	0.14029
127.855	0.14029
127.789	0.14027
127.686	0.14026
127.649	0.14027
127.549	0.14025
127.463	0.14024
127.336	0.14024
127.3	0.14018
127.212	0.1402
127.145	0.14021
127.05	0.14017
127.014	0.14021
126.891	0.14015
126.817	0.14012
126.721	0.14019
126.69	0.14014
126.598	0.14011
126.53	0.14013
126.411	0.14011
126.373	0.14009
126.27	0.14007
126.202	0.1401
126.117	0.14005
126.085	0.14005
125.981	0.14002
125.916	0.14004
125.809	0.14001
125.777	0.13999
125.681	0.13999
125.614	0.13997
125.532	0.13999
125.497	0.13996
125.373	0.13996
125.283	0.13999
125.167	0.13993
125.134	0.13991
125.019	0.13991
124.954	0.13992
124.861	0.13988
124.817	0.13989
124.699	0.13986
124.638	0.13988
124.564	0.13985
124.538	0.13984
124.443	0.13983
124.36	0.13981
124.25	0.1398
124.205	0.1398
124.104	0.1398
124.041	0.13977
123.936	0.13976
123.909	0.13978
123.829	0.13974
123.764	0.13975
123.659	0.13973
123.619	0.13971
123.505	0.1397
123.441	0.13972
123.35	0.13969
123.316	0.13969
123.191	0.13964
123.108	0.13965
122.991	0.13962
122.964	0.13964
122.874	0.13965
122.783	0.13961
122.678	0.13959
122.648	0.13961
122.567	0.1396
122.52	0.13957
122.425	0.13956
122.391	0.13956
122.29	0.13953
122.214	0.13952
122.111	0.13954
122.082	0.13951
121.985	0.1395
121.924	0.13952
121.828	0.13945
121.794	0.13951
121.675	0.13948
121.603	0.13949
121.508	0.13945
121.469	0.13943
121.368	0.13942
121.307	0.13941
121.203	0.13935
121.157	0.13941
121.04	0.13938
120.968	0.13936
120.887	0.13939
120.865	0.13932
120.792	0.13937
120.741	0.13932
120.653	0.13933
120.615	0.13929
120.497	0.13929
120.412	0.13931
120.309	0.13925
120.277	0.13926
120.177	0.13926
120.124	0.13925
120.021	0.13925
119.984	0.13924
119.915	0.13921
119.843	0.13921
119.742	0.13919
119.711	0.13921
119.596	0.13921
119.527	0.13912
119.419	0.13916
119.386	0.13917
119.285	0.13915
119.224	0.13912
119.129	0.13914
119.101	0.13913
118.981	0.13912
118.918	0.1391
118.805	0.13909
118.768	0.13909
118.677	0.13906
118.623	0.13906
118.522	0.13902
118.484	0.13904
118.377	0.13904
118.305	0.13902
118.209	0.13899
118.186	0.13899
118.095	0.13898
118.007	0.13895
117.87	0.13897
117.826	0.13896
117.719	0.13896
117.666	0.13895
117.592	0.13893
117.557	0.13895
117.464	0.13891
117.396	0.1389
117.289	0.13887
117.241	0.13888
117.118	0.13888
117.042	0.13889
116.93	0.13885
116.895	0.13883
116.781	0.13883
116.695	0.13882
116.595	0.13879
116.56	0.13881
116.459	0.1388
116.392	0.13879
116.298	0.13879
116.26	0.13882
116.166	0.13876
116.118	0.13873
116.028	0.13871
115.992	0.13871
115.864	0.13876
115.798	0.13871
115.687	0.13871
115.649	0.13868
115.54	0.1387
115.475	0.13863
115.377	0.13866
115.348	0.13865
115.257	0.13864
115.201	0.13863
115.103	0.13863
115.072	0.13863
114.955	0.1386
114.893	0.13861
114.812	0.13856
114.787	0.13857
114.68	0.13856
114.612	0.13858
114.499	0.13854
114.461	0.13853
114.37	0.1385
114.301	0.13852
114.205	0.1385
114.171	0.1385
114.07	0.1385
113.994	0.13852
113.876	0.13846
113.833	0.13846
113.74	0.13841
113.671	0.13845
113.574	0.13844
113.547	0.13842
113.449	0.13842
113.371	0.13842
113.277	0.13841
113.242	0.13839
113.139	0.13838
113.073	0.13836
112.97	0.13837
112.931	0.13834
112.793	0.13832
112.725	0.13834
112.616	0.13832
112.585	0.13833
112.483	0.13829
112.431	0.1383
112.327	0.13826
112.295	0.1383
112.183	0.13828
112.1	0.13824
111.969	0.13827
111.925	0.13824
111.802	0.13824
111.745	0.1382
111.633	0.13823
111.586	0.13821
111.461	0.13817
111.391	0.13817
111.278	0.13817
111.253	0.13819
111.186	0.13817
111.131	0.13814
111.048	0.13814
111.012	0.13814
110.887	0.1381
110.833	0.1381
110.734	0.13808
110.699	0.13809
110.607	0.13806
110.543	0.13806
110.466	0.13808
110.43	0.13805
110.309	0.13805
110.256	0.13804
110.158	0.13801
110.114	0.13802
109.993	0.13801
109.915	0.13799
109.823	0.13798
109.793	0.13797
109.704	0.13799
109.651	0.13797
109.55	0.13793
109.513	0.13795
109.387	0.13794
109.305	0.13794
109.2	0.13792
109.166	0.13789
109.092	0.13788
109.031	0.13788
108.95	0.13786
108.923	0.13789
108.815	0.13784
108.73	0.13784
108.62	0.13782
108.577	0.13782
108.474	0.13782
108.39	0.1378
108.277	0.13779
108.252	0.1378
108.17	0.13781
108.09	0.13778
107.983	0.13775
107.941	0.13773
107.828	0.13775
107.776	0.13777
107.682	0.13769
107.654	0.13774
107.554	0.1377
107.469	0.13768
107.344	0.13766
107.299	0.1377
107.191	0.13772
107.14	0.13767
107.058	0.13766
107.033	0.13764
106.934	0.13763
106.862	0.13762
106.753	0.13761
106.725	0.13759
106.647	0.1376
106.552	0.13758
106.44	0.13759
106.409	0.13757
106.323	0.13757
106.269	0.13756
106.168	0.13756
106.134	0.13753
106.01	0.13754
105.933	0.13752
105.852	0.13751
105.823	0.13748
105.697	0.1375
105.605	0.13748
105.512	0.13747
105.485	0.13748
105.375	0.13745
105.304	0.13747
105.19	0.13743
105.159	0.13742
105.057	0.13742
104.975	0.13741
104.877	0.13741
104.847	0.13741
104.75	0.13739
104.674	0.13739
104.562	0.13736
104.532	0.13736
104.417	0.13735
104.325	0.13734
104.217	0.13734
104.18	0.1373
104.076	0.1373
103.999	0.1373
103.892	0.13728
103.856	0.1373
103.747	0.13727
103.675	0.13727
103.592	0.13726
103.563	0.13721
103.448	0.13724
103.373	0.13721
103.298	0.13722
103.276	0.13717
103.181	0.13719
103.104	0.13719
102.991	0.13719
102.953	0.13718
102.86	0.13718
102.8	0.13715
102.693	0.13713
102.643	0.13715
102.502	0.13714
102.433	0.13712
102.318	0.1371
102.272	0.13712
102.154	0.13708
102.072	0.13709
101.986	0.13706
101.944	0.13709
101.865	0.13707
101.794	0.13707
101.686	0.13703
101.646	0.13704
101.53	0.13702
101.461	0.13703
101.338	0.13702
101.298	0.13701
101.191	0.13699
101.12	0.13698
101.045	0.13698
101.023	0.13696
100.948	0.13695
100.871	0.13693
100.781	0.13693
100.756	0.13694
100.683	0.13691
100.612	0.13692
100.491	0.13692
100.463	0.1369
100.348	0.13688
100.263	0.13688
100.153	0.13687
100.118	0.13686
100.01	0.13686
99.941	0.13683
99.846	0.13683
99.81	0.13682
99.728	0.13681
99.668	0.13682
99.572	0.13678
99.545	0.13681
99.441	0.13677
99.369	0.13678
99.279	0.13676
99.248	0.13676
99.146	0.13673
99.082	0.13674
98.978	0.13671
98.933	0.13672
98.818	0.13671
98.743	0.13671
98.641	0.13669
98.6	0.13669
98.482	0.13666
98.395	0.13666
